{
  "distancematrix": [
    [
      0.0, 170.0, 186.0, 177.0, 180.0, 389.0, 756.0, 922.0, 713.0, 706.0, 654.0,
      706.0, 654.0, 706.0, 654.0, 706.0, 654.0, 706.0, 654.0, 706.0, 654.0,
      673.0, 690.0, 692.0, 708.0, 710.0, 727.0, 766.0, 782.0, 784.0, 824.0,
      840.0, 886.0, 933.0, 1127.0, 1151.0, 1255.0, 1295.0, 1474.0, 1507.0,
      1494.0, 1602.0, 1636.0, 1761.0, 1881.0, 1953.0, 2209.0, 2229.0, 2303.0
    ],
    [
      170.0, 0.0, 20.0, 33.0, 36.0, 351.0, 718.0, 884.0, 569.0, 610.0, 558.0,
      610.0, 558.0, 610.0, 558.0, 610.0, 558.0, 610.0, 558.0, 610.0, 558.0,
      577.0, 594.0, 596.0, 612.0, 614.0, 631.0, 685.0, 701.0, 707.0, 747.0,
      783.0, 866.0, 913.0, 1104.0, 1128.0, 1232.0, 1274.0, 1455.0, 1492.0,
      1516.0, 1621.0, 1638.0, 1741.0, 1861.0, 1933.0, 2197.0, 2208.0, 2282.0
    ],
    [
      186.0, 20.0, 0.0, 13.0, 16.0, 331.0, 698.0, 864.0, 549.0, 590.0, 538.0,
      590.0, 538.0, 590.0, 538.0, 590.0, 538.0, 590.0, 538.0, 590.0, 538.0,
      557.0, 574.0, 576.0, 592.0, 594.0, 611.0, 665.0, 681.0, 687.0, 727.0,
      763.0, 846.0, 893.0, 1087.0, 1111.0, 1215.0, 1256.0, 1437.0, 1474.0,
      1498.0, 1605.0, 1622.0, 1725.0, 1845.0, 1917.0, 2180.0, 2192.0, 2266.0
    ],
    [
      177.0, 33.0, 13.0, 0.0, 7.0, 322.0, 685.0, 851.0, 536.0, 577.0, 525.0,
      577.0, 525.0, 577.0, 525.0, 577.0, 525.0, 577.0, 525.0, 577.0, 525.0,
      544.0, 561.0, 563.0, 579.0, 581.0, 598.0, 652.0, 668.0, 674.0, 714.0,
      750.0, 833.0, 880.0, 1074.0, 1098.0, 1202.0, 1243.0, 1424.0, 1461.0,
      1485.0, 1592.0, 1610.0, 1713.0, 1833.0, 1905.0, 2167.0, 2179.0, 2253.0
    ],
    [
      180.0, 36.0, 16.0, 7.0, 0.0, 315.0, 692.0, 858.0, 543.0, 584.0, 532.0,
      584.0, 532.0, 584.0, 532.0, 584.0, 532.0, 584.0, 532.0, 584.0, 532.0,
      551.0, 568.0, 570.0, 586.0, 588.0, 605.0, 659.0, 675.0, 681.0, 721.0,
      757.0, 840.0, 887.0, 1081.0, 1105.0, 1209.0, 1250.0, 1431.0, 1468.0,
      1492.0, 1599.0, 1616.0, 1719.0, 1839.0, 1911.0, 2174.0, 2186.0, 2260.0
    ],
    [
      389.0, 351.0, 331.0, 322.0, 315.0, 0.0, 377.0, 543.0, 858.0, 899.0, 847.0,
      899.0, 847.0, 899.0, 847.0, 899.0, 847.0, 899.0, 847.0, 899.0, 847.0,
      866.0, 883.0, 885.0, 901.0, 903.0, 920.0, 974.0, 990.0, 996.0, 1036.0,
      1072.0, 1155.0, 1202.0, 1396.0, 1420.0, 1524.0, 1565.0, 1746.0, 1779.0,
      1763.0, 1870.0, 1904.0, 2028.0, 2148.0, 2222.0, 2483.0, 2501.0, 2575.0
    ],
    [
      756.0, 718.0, 698.0, 685.0, 692.0, 377.0, 0.0, 166.0, 481.0, 522.0, 470.0,
      522.0, 470.0, 522.0, 470.0, 522.0, 470.0, 522.0, 470.0, 522.0, 470.0,
      489.0, 506.0, 508.0, 524.0, 526.0, 543.0, 597.0, 613.0, 619.0, 659.0,
      695.0, 778.0, 825.0, 1019.0, 1043.0, 1147.0, 1188.0, 1369.0, 1402.0,
      1386.0, 1493.0, 1531.0, 1655.0, 1775.0, 1851.0, 2106.0, 2125.0, 2199.0
    ],
    [
      922.0, 884.0, 864.0, 851.0, 858.0, 543.0, 166.0, 0.0, 315.0, 356.0, 486.0,
      356.0, 486.0, 356.0, 486.0, 356.0, 486.0, 356.0, 486.0, 356.0, 486.0,
      505.0, 522.0, 524.0, 540.0, 542.0, 559.0, 613.0, 629.0, 635.0, 675.0,
      711.0, 794.0, 841.0, 957.0, 981.0, 1085.0, 1125.0, 1306.0, 1253.0, 1237.0,
      1337.0, 1376.0, 1493.0, 1611.0, 1686.0, 1950.0, 1966.0, 2040.0
    ],
    [
      713.0, 569.0, 549.0, 536.0, 543.0, 858.0, 481.0, 315.0, 0.0, 41.0, 171.0,
      41.0, 171.0, 41.0, 171.0, 41.0, 171.0, 41.0, 171.0, 41.0, 171.0, 190.0,
      207.0, 209.0, 225.0, 227.0, 244.0, 298.0, 314.0, 320.0, 360.0, 396.0,
      479.0, 526.0, 642.0, 666.0, 770.0, 810.0, 991.0, 942.0, 966.0, 1066.0,
      1088.0, 1184.0, 1302.0, 1375.0, 1641.0, 1651.0, 1725.0
    ],
    [
      706.0, 610.0, 590.0, 577.0, 584.0, 899.0, 522.0, 356.0, 41.0, 0.0, 130.0,
      0.0, 130.0, 0.0, 130.0, 0.0, 130.0, 0.0, 130.0, 0.0, 130.0, 149.0, 166.0,
      168.0, 184.0, 186.0, 203.0, 257.0, 273.0, 279.0, 319.0, 355.0, 444.0,
      491.0, 611.0, 635.0, 739.0, 779.0, 960.0, 907.0, 935.0, 1038.0, 1057.0,
      1152.0, 1270.0, 1358.0, 1628.0, 1636.0, 1710.0
    ],
    [
      654.0, 558.0, 538.0, 525.0, 532.0, 847.0, 470.0, 486.0, 171.0, 130.0, 0.0,
      130.0, 0.0, 130.0, 0.0, 130.0, 0.0, 130.0, 0.0, 130.0, 0.0, 19.0, 36.0,
      38.0, 54.0, 56.0, 73.0, 127.0, 143.0, 149.0, 189.0, 225.0, 314.0, 361.0,
      555.0, 579.0, 683.0, 724.0, 905.0, 1024.0, 1052.0, 1159.0, 1178.0, 1277.0,
      1396.0, 1485.0, 1750.0, 1760.0, 1834.0
    ],
    [
      706.0, 610.0, 590.0, 577.0, 584.0, 899.0, 522.0, 356.0, 41.0, 0.0, 130.0,
      0.0, 130.0, 0.0, 130.0, 0.0, 130.0, 0.0, 130.0, 0.0, 130.0, 149.0, 166.0,
      168.0, 184.0, 186.0, 203.0, 257.0, 273.0, 279.0, 319.0, 355.0, 444.0,
      491.0, 611.0, 635.0, 739.0, 779.0, 960.0, 907.0, 935.0, 1038.0, 1057.0,
      1152.0, 1270.0, 1358.0, 1628.0, 1636.0, 1710.0
    ],
    [
      654.0, 558.0, 538.0, 525.0, 532.0, 847.0, 470.0, 486.0, 171.0, 130.0, 0.0,
      130.0, 0.0, 130.0, 0.0, 130.0, 0.0, 130.0, 0.0, 130.0, 0.0, 19.0, 36.0,
      38.0, 54.0, 56.0, 73.0, 127.0, 143.0, 149.0, 189.0, 225.0, 314.0, 361.0,
      555.0, 579.0, 683.0, 724.0, 905.0, 1024.0, 1052.0, 1159.0, 1178.0, 1277.0,
      1396.0, 1485.0, 1750.0, 1760.0, 1834.0
    ],
    [
      706.0, 610.0, 590.0, 577.0, 584.0, 899.0, 522.0, 356.0, 41.0, 0.0, 130.0,
      0.0, 130.0, 0.0, 130.0, 0.0, 130.0, 0.0, 130.0, 0.0, 130.0, 149.0, 166.0,
      168.0, 184.0, 186.0, 203.0, 257.0, 273.0, 279.0, 319.0, 355.0, 444.0,
      491.0, 611.0, 635.0, 739.0, 779.0, 960.0, 907.0, 935.0, 1038.0, 1057.0,
      1152.0, 1270.0, 1358.0, 1628.0, 1636.0, 1710.0
    ],
    [
      654.0, 558.0, 538.0, 525.0, 532.0, 847.0, 470.0, 486.0, 171.0, 130.0, 0.0,
      130.0, 0.0, 130.0, 0.0, 130.0, 0.0, 130.0, 0.0, 130.0, 0.0, 19.0, 36.0,
      38.0, 54.0, 56.0, 73.0, 127.0, 143.0, 149.0, 189.0, 225.0, 314.0, 361.0,
      555.0, 579.0, 683.0, 724.0, 905.0, 1024.0, 1052.0, 1159.0, 1178.0, 1277.0,
      1396.0, 1485.0, 1750.0, 1760.0, 1834.0
    ],
    [
      706.0, 610.0, 590.0, 577.0, 584.0, 899.0, 522.0, 356.0, 41.0, 0.0, 130.0,
      0.0, 130.0, 0.0, 130.0, 0.0, 130.0, 0.0, 130.0, 0.0, 130.0, 149.0, 166.0,
      168.0, 184.0, 186.0, 203.0, 257.0, 273.0, 279.0, 319.0, 355.0, 444.0,
      491.0, 611.0, 635.0, 739.0, 779.0, 960.0, 907.0, 935.0, 1038.0, 1057.0,
      1152.0, 1270.0, 1358.0, 1628.0, 1636.0, 1710.0
    ],
    [
      654.0, 558.0, 538.0, 525.0, 532.0, 847.0, 470.0, 486.0, 171.0, 130.0, 0.0,
      130.0, 0.0, 130.0, 0.0, 130.0, 0.0, 130.0, 0.0, 130.0, 0.0, 19.0, 36.0,
      38.0, 54.0, 56.0, 73.0, 127.0, 143.0, 149.0, 189.0, 225.0, 314.0, 361.0,
      555.0, 579.0, 683.0, 724.0, 905.0, 1024.0, 1052.0, 1159.0, 1178.0, 1277.0,
      1396.0, 1485.0, 1750.0, 1760.0, 1834.0
    ],
    [
      706.0, 610.0, 590.0, 577.0, 584.0, 899.0, 522.0, 356.0, 41.0, 0.0, 130.0,
      0.0, 130.0, 0.0, 130.0, 0.0, 130.0, 0.0, 130.0, 0.0, 130.0, 149.0, 166.0,
      168.0, 184.0, 186.0, 203.0, 257.0, 273.0, 279.0, 319.0, 355.0, 444.0,
      491.0, 611.0, 635.0, 739.0, 779.0, 960.0, 907.0, 935.0, 1038.0, 1057.0,
      1152.0, 1270.0, 1358.0, 1628.0, 1636.0, 1710.0
    ],
    [
      654.0, 558.0, 538.0, 525.0, 532.0, 847.0, 470.0, 486.0, 171.0, 130.0, 0.0,
      130.0, 0.0, 130.0, 0.0, 130.0, 0.0, 130.0, 0.0, 130.0, 0.0, 19.0, 36.0,
      38.0, 54.0, 56.0, 73.0, 127.0, 143.0, 149.0, 189.0, 225.0, 314.0, 361.0,
      555.0, 579.0, 683.0, 724.0, 905.0, 1024.0, 1052.0, 1159.0, 1178.0, 1277.0,
      1396.0, 1485.0, 1750.0, 1760.0, 1834.0
    ],
    [
      706.0, 610.0, 590.0, 577.0, 584.0, 899.0, 522.0, 356.0, 41.0, 0.0, 130.0,
      0.0, 130.0, 0.0, 130.0, 0.0, 130.0, 0.0, 130.0, 0.0, 130.0, 149.0, 166.0,
      168.0, 184.0, 186.0, 203.0, 257.0, 273.0, 279.0, 319.0, 355.0, 444.0,
      491.0, 611.0, 635.0, 739.0, 779.0, 960.0, 907.0, 935.0, 1038.0, 1057.0,
      1152.0, 1270.0, 1358.0, 1628.0, 1636.0, 1710.0
    ],
    [
      654.0, 558.0, 538.0, 525.0, 532.0, 847.0, 470.0, 486.0, 171.0, 130.0, 0.0,
      130.0, 0.0, 130.0, 0.0, 130.0, 0.0, 130.0, 0.0, 130.0, 0.0, 19.0, 36.0,
      38.0, 54.0, 56.0, 73.0, 127.0, 143.0, 149.0, 189.0, 225.0, 314.0, 361.0,
      555.0, 579.0, 683.0, 724.0, 905.0, 1024.0, 1052.0, 1159.0, 1178.0, 1277.0,
      1396.0, 1485.0, 1750.0, 1760.0, 1834.0
    ],
    [
      673.0, 577.0, 557.0, 544.0, 551.0, 866.0, 489.0, 505.0, 190.0, 149.0,
      19.0, 149.0, 19.0, 149.0, 19.0, 149.0, 19.0, 149.0, 19.0, 149.0, 19.0,
      0.0, 17.0, 19.0, 35.0, 37.0, 54.0, 108.0, 124.0, 130.0, 170.0, 206.0,
      295.0, 342.0, 536.0, 560.0, 664.0, 705.0, 886.0, 1005.0, 1033.0, 1140.0,
      1159.0, 1261.0, 1377.0, 1466.0, 1731.0, 1741.0, 1815.0
    ],
    [
      690.0, 594.0, 574.0, 561.0, 568.0, 883.0, 506.0, 522.0, 207.0, 166.0,
      36.0, 166.0, 36.0, 166.0, 36.0, 166.0, 36.0, 166.0, 36.0, 166.0, 36.0,
      17.0, 0.0, 2.0, 18.0, 20.0, 37.0, 91.0, 107.0, 113.0, 153.0, 189.0, 278.0,
      325.0, 519.0, 543.0, 647.0, 688.0, 869.0, 988.0, 1016.0, 1123.0, 1142.0,
      1244.0, 1360.0, 1449.0, 1714.0, 1724.0, 1798.0
    ],
    [
      692.0, 596.0, 576.0, 563.0, 570.0, 885.0, 508.0, 524.0, 209.0, 168.0,
      38.0, 168.0, 38.0, 168.0, 38.0, 168.0, 38.0, 168.0, 38.0, 168.0, 38.0,
      19.0, 2.0, 0.0, 17.0, 19.0, 36.0, 90.0, 106.0, 112.0, 152.0, 188.0, 277.0,
      324.0, 518.0, 542.0, 646.0, 687.0, 868.0, 987.0, 1015.0, 1122.0, 1141.0,
      1243.0, 1359.0, 1449.0, 1714.0, 1724.0, 1798.0
    ],
    [
      708.0, 612.0, 592.0, 579.0, 586.0, 901.0, 524.0, 540.0, 225.0, 184.0,
      54.0, 184.0, 54.0, 184.0, 54.0, 184.0, 54.0, 184.0, 54.0, 184.0, 54.0,
      35.0, 18.0, 17.0, 0.0, 2.0, 19.0, 73.0, 89.0, 95.0, 135.0, 171.0, 260.0,
      307.0, 501.0, 525.0, 629.0, 670.0, 851.0, 970.0, 998.0, 1105.0, 1124.0,
      1226.0, 1342.0, 1432.0, 1697.0, 1707.0, 1781.0
    ],
    [
      710.0, 614.0, 594.0, 581.0, 588.0, 903.0, 526.0, 542.0, 227.0, 186.0,
      56.0, 186.0, 56.0, 186.0, 56.0, 186.0, 56.0, 186.0, 56.0, 186.0, 56.0,
      37.0, 20.0, 19.0, 2.0, 0.0, 17.0, 71.0, 87.0, 93.0, 133.0, 169.0, 258.0,
      305.0, 499.0, 523.0, 627.0, 670.0, 851.0, 970.0, 998.0, 1105.0, 1124.0,
      1226.0, 1341.0, 1431.0, 1695.0, 1705.0, 1779.0
    ],
    [
      727.0, 631.0, 611.0, 598.0, 605.0, 920.0, 543.0, 559.0, 244.0, 203.0,
      73.0, 203.0, 73.0, 203.0, 73.0, 203.0, 73.0, 203.0, 73.0, 203.0, 73.0,
      54.0, 37.0, 36.0, 19.0, 17.0, 0.0, 54.0, 70.0, 76.0, 116.0, 152.0, 241.0,
      288.0, 482.0, 506.0, 610.0, 653.0, 834.0, 953.0, 981.0, 1088.0, 1107.0,
      1209.0, 1324.0, 1414.0, 1678.0, 1688.0, 1762.0
    ],
    [
      766.0, 685.0, 665.0, 652.0, 659.0, 974.0, 597.0, 613.0, 298.0, 257.0,
      127.0, 257.0, 127.0, 257.0, 127.0, 257.0, 127.0, 257.0, 127.0, 257.0,
      127.0, 108.0, 91.0, 90.0, 73.0, 71.0, 54.0, 0.0, 16.0, 22.0, 62.0, 98.0,
      187.0, 234.0, 428.0, 452.0, 556.0, 599.0, 780.0, 899.0, 927.0, 1034.0,
      1053.0, 1155.0, 1270.0, 1360.0, 1624.0, 1634.0, 1708.0
    ],
    [
      782.0, 701.0, 681.0, 668.0, 675.0, 990.0, 613.0, 629.0, 314.0, 273.0,
      143.0, 273.0, 143.0, 273.0, 143.0, 273.0, 143.0, 273.0, 143.0, 273.0,
      143.0, 124.0, 107.0, 106.0, 89.0, 87.0, 70.0, 16.0, 0.0, 38.0, 78.0,
      114.0, 203.0, 250.0, 444.0, 468.0, 572.0, 615.0, 796.0, 915.0, 943.0,
      1050.0, 1069.0, 1171.0, 1286.0, 1376.0, 1640.0, 1650.0, 1724.0
    ],
    [
      784.0, 707.0, 687.0, 674.0, 681.0, 996.0, 619.0, 635.0, 320.0, 279.0,
      149.0, 279.0, 149.0, 279.0, 149.0, 279.0, 149.0, 279.0, 149.0, 279.0,
      149.0, 130.0, 113.0, 112.0, 95.0, 93.0, 76.0, 22.0, 38.0, 0.0, 40.0, 76.0,
      165.0, 212.0, 406.0, 430.0, 534.0, 577.0, 758.0, 877.0, 905.0, 1012.0,
      1031.0, 1133.0, 1248.0, 1338.0, 1602.0, 1612.0, 1686.0
    ],
    [
      824.0, 747.0, 727.0, 714.0, 721.0, 1036.0, 659.0, 675.0, 360.0, 319.0,
      189.0, 319.0, 189.0, 319.0, 189.0, 319.0, 189.0, 319.0, 189.0, 319.0,
      189.0, 170.0, 153.0, 152.0, 135.0, 133.0, 116.0, 62.0, 78.0, 40.0, 0.0,
      36.0, 125.0, 172.0, 366.0, 390.0, 494.0, 537.0, 718.0, 837.0, 865.0,
      972.0, 991.0, 1094.0, 1209.0, 1298.0, 1562.0, 1572.0, 1646.0
    ],
    [
      840.0, 783.0, 763.0, 750.0, 757.0, 1072.0, 695.0, 711.0, 396.0, 355.0,
      225.0, 355.0, 225.0, 355.0, 225.0, 355.0, 225.0, 355.0, 225.0, 355.0,
      225.0, 206.0, 189.0, 188.0, 171.0, 169.0, 152.0, 98.0, 114.0, 76.0, 36.0,
      0.0, 89.0, 136.0, 330.0, 354.0, 458.0, 501.0, 682.0, 801.0, 829.0, 936.0,
      955.0, 1059.0, 1174.0, 1264.0, 1526.0, 1536.0, 1610.0
    ],
    [
      886.0, 866.0, 846.0, 833.0, 840.0, 1155.0, 778.0, 794.0, 479.0, 444.0,
      314.0, 444.0, 314.0, 444.0, 314.0, 444.0, 314.0, 444.0, 314.0, 444.0,
      314.0, 295.0, 278.0, 277.0, 260.0, 258.0, 241.0, 187.0, 203.0, 165.0,
      125.0, 89.0, 0.0, 47.0, 241.0, 265.0, 369.0, 412.0, 593.0, 712.0, 740.0,
      847.0, 870.0, 988.0, 1103.0, 1187.0, 1437.0, 1447.0, 1521.0
    ],
    [
      933.0, 913.0, 893.0, 880.0, 887.0, 1202.0, 825.0, 841.0, 526.0, 491.0,
      361.0, 491.0, 361.0, 491.0, 361.0, 491.0, 361.0, 491.0, 361.0, 491.0,
      361.0, 342.0, 325.0, 324.0, 307.0, 305.0, 288.0, 234.0, 250.0, 212.0,
      172.0, 136.0, 47.0, 0.0, 194.0, 218.0, 322.0, 365.0, 546.0, 665.0, 693.0,
      800.0, 823.0, 947.0, 1058.0, 1181.0, 1449.0, 1459.0, 1532.0
    ],
    [
      1127.0, 1104.0, 1087.0, 1074.0, 1081.0, 1396.0, 1019.0, 957.0, 642.0,
      611.0, 555.0, 611.0, 555.0, 611.0, 555.0, 611.0, 555.0, 611.0, 555.0,
      611.0, 555.0, 536.0, 519.0, 518.0, 501.0, 499.0, 482.0, 428.0, 444.0,
      406.0, 366.0, 330.0, 241.0, 194.0, 0.0, 24.0, 128.0, 190.0, 371.0, 490.0,
      518.0, 626.0, 650.0, 772.0, 883.0, 1010.0, 1285.0, 1295.0, 1368.0
    ],
    [
      1151.0, 1128.0, 1111.0, 1098.0, 1105.0, 1420.0, 1043.0, 981.0, 666.0,
      635.0, 579.0, 635.0, 579.0, 635.0, 579.0, 635.0, 579.0, 635.0, 579.0,
      635.0, 579.0, 560.0, 543.0, 542.0, 525.0, 523.0, 506.0, 452.0, 468.0,
      430.0, 390.0, 354.0, 265.0, 218.0, 24.0, 0.0, 106.0, 168.0, 349.0, 481.0,
      509.0, 617.0, 637.0, 772.0, 891.0, 1018.0, 1290.0, 1302.0, 1375.0
    ],
    [
      1255.0, 1232.0, 1215.0, 1202.0, 1209.0, 1524.0, 1147.0, 1085.0, 770.0,
      739.0, 683.0, 739.0, 683.0, 739.0, 683.0, 739.0, 683.0, 739.0, 683.0,
      739.0, 683.0, 664.0, 647.0, 646.0, 629.0, 627.0, 610.0, 556.0, 572.0,
      534.0, 494.0, 458.0, 369.0, 322.0, 128.0, 106.0, 0.0, 62.0, 243.0, 375.0,
      403.0, 511.0, 531.0, 752.0, 871.0, 998.0, 1277.0, 1288.0, 1361.0
    ],
    [
      1295.0, 1274.0, 1256.0, 1243.0, 1250.0, 1565.0, 1188.0, 1125.0, 810.0,
      779.0, 724.0, 779.0, 724.0, 779.0, 724.0, 779.0, 724.0, 779.0, 724.0,
      779.0, 724.0, 705.0, 688.0, 687.0, 670.0, 670.0, 653.0, 599.0, 615.0,
      577.0, 537.0, 501.0, 412.0, 365.0, 190.0, 168.0, 62.0, 0.0, 181.0, 313.0,
      341.0, 492.0, 512.0, 739.0, 886.0, 1011.0, 1289.0, 1301.0, 1374.0
    ],
    [
      1474.0, 1455.0, 1437.0, 1424.0, 1431.0, 1746.0, 1369.0, 1306.0, 991.0,
      960.0, 905.0, 960.0, 905.0, 960.0, 905.0, 960.0, 905.0, 960.0, 905.0,
      960.0, 905.0, 886.0, 869.0, 868.0, 851.0, 851.0, 834.0, 780.0, 796.0,
      758.0, 718.0, 682.0, 593.0, 546.0, 371.0, 349.0, 243.0, 181.0, 0.0, 132.0,
      160.0, 311.0, 335.0, 573.0, 720.0, 851.0, 1109.0, 1120.0, 1193.0
    ],
    [
      1507.0, 1492.0, 1474.0, 1461.0, 1468.0, 1779.0, 1402.0, 1253.0, 942.0,
      907.0, 1024.0, 907.0, 1024.0, 907.0, 1024.0, 907.0, 1024.0, 907.0, 1024.0,
      907.0, 1024.0, 1005.0, 988.0, 987.0, 970.0, 970.0, 953.0, 899.0, 915.0,
      877.0, 837.0, 801.0, 712.0, 665.0, 490.0, 481.0, 375.0, 313.0, 132.0, 0.0,
      28.0, 179.0, 207.0, 445.0, 592.0, 724.0, 985.0, 999.0, 1072.0
    ],
    [
      1494.0, 1516.0, 1498.0, 1485.0, 1492.0, 1763.0, 1386.0, 1237.0, 966.0,
      935.0, 1052.0, 935.0, 1052.0, 935.0, 1052.0, 935.0, 1052.0, 935.0, 1052.0,
      935.0, 1052.0, 1033.0, 1016.0, 1015.0, 998.0, 998.0, 981.0, 927.0, 943.0,
      905.0, 865.0, 829.0, 740.0, 693.0, 518.0, 509.0, 403.0, 341.0, 160.0,
      28.0, 0.0, 151.0, 209.0, 469.0, 616.0, 749.0, 1009.0, 1025.0, 1098.0
    ],
    [
      1602.0, 1621.0, 1605.0, 1592.0, 1599.0, 1870.0, 1493.0, 1337.0, 1066.0,
      1038.0, 1159.0, 1038.0, 1159.0, 1038.0, 1159.0, 1038.0, 1159.0, 1038.0,
      1159.0, 1038.0, 1159.0, 1140.0, 1123.0, 1122.0, 1105.0, 1105.0, 1088.0,
      1034.0, 1050.0, 1012.0, 972.0, 936.0, 847.0, 800.0, 626.0, 617.0, 511.0,
      492.0, 311.0, 179.0, 151.0, 0.0, 62.0, 322.0, 469.0, 602.0, 871.0, 884.0,
      957.0
    ],
    [
      1636.0, 1638.0, 1622.0, 1610.0, 1616.0, 1904.0, 1531.0, 1376.0, 1088.0,
      1057.0, 1178.0, 1057.0, 1178.0, 1057.0, 1178.0, 1057.0, 1178.0, 1057.0,
      1178.0, 1057.0, 1178.0, 1159.0, 1142.0, 1141.0, 1124.0, 1124.0, 1107.0,
      1053.0, 1069.0, 1031.0, 991.0, 955.0, 870.0, 823.0, 650.0, 637.0, 531.0,
      512.0, 335.0, 207.0, 209.0, 62.0, 0.0, 270.0, 416.0, 580.0, 877.0, 912.0,
      985.0
    ],
    [
      1761.0, 1741.0, 1725.0, 1713.0, 1719.0, 2028.0, 1655.0, 1493.0, 1184.0,
      1152.0, 1277.0, 1152.0, 1277.0, 1152.0, 1277.0, 1152.0, 1277.0, 1152.0,
      1277.0, 1152.0, 1277.0, 1261.0, 1244.0, 1243.0, 1226.0, 1226.0, 1209.0,
      1155.0, 1171.0, 1133.0, 1094.0, 1059.0, 988.0, 947.0, 772.0, 772.0, 752.0,
      739.0, 573.0, 445.0, 469.0, 322.0, 270.0, 0.0, 174.0, 333.0, 695.0, 729.0,
      802.0
    ],
    [
      1881.0, 1861.0, 1845.0, 1833.0, 1839.0, 2148.0, 1775.0, 1611.0, 1302.0,
      1270.0, 1396.0, 1270.0, 1396.0, 1270.0, 1396.0, 1270.0, 1396.0, 1270.0,
      1396.0, 1270.0, 1396.0, 1377.0, 1360.0, 1359.0, 1342.0, 1341.0, 1324.0,
      1270.0, 1286.0, 1248.0, 1209.0, 1174.0, 1103.0, 1058.0, 883.0, 891.0,
      871.0, 886.0, 720.0, 592.0, 616.0, 469.0, 416.0, 174.0, 0.0, 237.0, 597.0,
      628.0, 701.0
    ],
    [
      1953.0, 1933.0, 1917.0, 1905.0, 1911.0, 2222.0, 1851.0, 1686.0, 1375.0,
      1358.0, 1485.0, 1358.0, 1485.0, 1358.0, 1485.0, 1358.0, 1485.0, 1358.0,
      1485.0, 1358.0, 1485.0, 1466.0, 1449.0, 1449.0, 1432.0, 1431.0, 1414.0,
      1360.0, 1376.0, 1338.0, 1298.0, 1264.0, 1187.0, 1181.0, 1010.0, 1018.0,
      998.0, 1011.0, 851.0, 724.0, 749.0, 602.0, 580.0, 333.0, 237.0, 0.0,
      533.0, 563.0, 637.0
    ],
    [
      2209.0, 2197.0, 2180.0, 2167.0, 2174.0, 2483.0, 2106.0, 1950.0, 1641.0,
      1628.0, 1750.0, 1628.0, 1750.0, 1628.0, 1750.0, 1628.0, 1750.0, 1628.0,
      1750.0, 1628.0, 1750.0, 1731.0, 1714.0, 1714.0, 1697.0, 1695.0, 1678.0,
      1624.0, 1640.0, 1602.0, 1562.0, 1526.0, 1437.0, 1449.0, 1285.0, 1290.0,
      1277.0, 1289.0, 1109.0, 985.0, 1009.0, 871.0, 877.0, 695.0, 597.0, 533.0,
      0.0, 39.0, 114.0
    ],
    [
      2229.0, 2208.0, 2192.0, 2179.0, 2186.0, 2501.0, 2125.0, 1966.0, 1651.0,
      1636.0, 1760.0, 1636.0, 1760.0, 1636.0, 1760.0, 1636.0, 1760.0, 1636.0,
      1760.0, 1636.0, 1760.0, 1741.0, 1724.0, 1724.0, 1707.0, 1705.0, 1688.0,
      1634.0, 1650.0, 1612.0, 1572.0, 1536.0, 1447.0, 1459.0, 1295.0, 1302.0,
      1288.0, 1301.0, 1120.0, 999.0, 1025.0, 884.0, 912.0, 729.0, 628.0, 563.0,
      39.0, 0.0, 75.0
    ],
    [
      2303.0, 2282.0, 2266.0, 2253.0, 2260.0, 2575.0, 2199.0, 2040.0, 1725.0,
      1710.0, 1834.0, 1710.0, 1834.0, 1710.0, 1834.0, 1710.0, 1834.0, 1710.0,
      1834.0, 1710.0, 1834.0, 1815.0, 1798.0, 1798.0, 1781.0, 1779.0, 1762.0,
      1708.0, 1724.0, 1686.0, 1646.0, 1610.0, 1521.0, 1532.0, 1368.0, 1375.0,
      1361.0, 1374.0, 1193.0, 1072.0, 1098.0, 957.0, 985.0, 802.0, 701.0, 637.0,
      114.0, 75.0, 0.0
    ]
  ],
  "data": [
    {
      "name": "en.wikipedia.org/wiki/Chocolate",
      "timelabels": [
        "2003-08-20T12:01:24Z",
        "2003-08-20T11:59:35Z",
        "2003-08-20T11:52:55Z",
        "2003-08-06T18:36:23Z",
        "2003-08-06T18:32:15Z",
        "2003-08-06T15:21:57Z",
        "2003-08-06T15:08:47Z",
        "2003-08-03T19:14:20Z",
        "2003-07-30T02:00:38Z",
        "2003-07-28T17:49:07Z",
        "2003-07-28T17:08:41Z",
        "2003-07-28T15:07:03Z",
        "2003-07-28T14:03:46Z",
        "2003-07-27T19:00:13Z",
        "2003-07-27T17:47:13Z",
        "2003-07-27T17:38:57Z",
        "2003-07-27T17:37:29Z",
        "2003-07-27T17:32:37Z",
        "2003-07-27T17:26:14Z",
        "2003-07-27T08:52:44Z",
        "2003-07-23T16:14:53Z",
        "2003-07-09T22:33:54Z",
        "2003-06-23T05:11:54Z",
        "2003-06-23T05:11:45Z",
        "2003-06-09T13:57:18Z",
        "2003-05-24T19:04:05Z",
        "2003-02-14T15:19:44Z",
        "2003-01-11T09:49:53Z",
        "2003-01-11T05:00:02Z",
        "2003-01-08T08:11:16Z",
        "2002-11-12T09:32:09Z",
        "2002-11-04T23:37:24Z",
        "2002-10-18T02:12:00Z",
        "2002-09-23T16:02:16Z",
        "2002-08-07T09:23:54Z",
        "2002-08-07T09:21:19Z",
        "2002-08-07T08:55:41Z",
        "2002-08-07T07:33:59Z",
        "2002-08-05T07:45:54Z",
        "2002-04-10T20:42:38Z",
        "2002-03-31T09:33:20Z",
        "2002-02-25T15:43:11Z",
        "2002-01-04T22:03:21Z",
        "2002-01-04T19:28:11Z",
        "2002-01-04T19:06:37Z",
        "2002-01-04T18:36:21Z",
        "2001-12-19T08:32:39Z",
        "2001-11-13T20:01:15Z",
        "2001-11-13T19:08:07Z"
      ]
    }
  ]
}
