{"distancematrix":[[0.0,22.0,26.0,63.0,130.0,514.0,524.0,573.0,590.0,656.0,677.0,1564.0,1898.0,1902.0,1901.0,2012.0,2016.0,2018.0,2030.0,2062.0,2082.0,2735.0,2738.0,4798.0,4831.0,6397.0,7418.0,6397.0,7418.0,10903.0,7418.0,7502.0,7532.0,7502.0,7639.0,7822.0,7844.0,7878.0,7844.0,7878.0,7844.0,7878.0,7844.0,7845.0,7928.0,7943.0,16604.0,7943.0,7988.0,7994.0,8067.0,8112.0,8282.0,10587.0,10590.0,10593.0,10596.0,10702.0,13421.0,13436.0,14106.0,14140.0,14149.0,14174.0,14207.0,14232.0,14315.0,14526.0,15220.0,15228.0,15775.0,15811.0,15854.0,15884.0,15894.0,15895.0,16161.0,16598.0,16637.0,16681.0],[22.0,0.0,4.0,41.0,108.0,492.0,502.0,551.0,568.0,634.0,655.0,1542.0,1876.0,1880.0,1923.0,2034.0,2038.0,2040.0,2052.0,2084.0,2104.0,2757.0,2760.0,4820.0,4853.0,6419.0,7440.0,6419.0,7440.0,10925.0,7440.0,7497.0,7527.0,7497.0,7634.0,7817.0,7839.0,7873.0,7839.0,7873.0,7839.0,7873.0,7839.0,7840.0,7923.0,7938.0,16599.0,7938.0,7983.0,7989.0,8062.0,8107.0,8277.0,10582.0,10585.0,10588.0,10591.0,10697.0,13416.0,13431.0,14101.0,14135.0,14144.0,14169.0,14202.0,14227.0,14310.0,14521.0,15215.0,15223.0,15770.0,15806.0,15849.0,15879.0,15889.0,15890.0,16156.0,16593.0,16632.0,16676.0],[26.0,4.0,0.0,37.0,104.0,492.0,502.0,551.0,568.0,634.0,655.0,1542.0,1876.0,1880.0,1923.0,2034.0,2038.0,2040.0,2052.0,2084.0,2104.0,2757.0,2760.0,4820.0,4853.0,6419.0,7440.0,6419.0,7440.0,10925.0,7440.0,7497.0,7527.0,7497.0,7634.0,7817.0,7839.0,7873.0,7839.0,7873.0,7839.0,7873.0,7839.0,7840.0,7923.0,7938.0,16599.0,7938.0,7983.0,7989.0,8062.0,8107.0,8277.0,10582.0,10585.0,10588.0,10591.0,10697.0,13416.0,13431.0,14101.0,14135.0,14144.0,14169.0,14202.0,14227.0,14310.0,14521.0,15215.0,15223.0,15770.0,15806.0,15849.0,15879.0,15889.0,15890.0,16156.0,16593.0,16632.0,16676.0],[63.0,41.0,37.0,0.0,141.0,529.0,539.0,588.0,605.0,671.0,692.0,1579.0,1913.0,1917.0,1960.0,2071.0,2075.0,2077.0,2089.0,2121.0,2141.0,2794.0,2797.0,4857.0,4890.0,6456.0,7477.0,6456.0,7477.0,10962.0,7477.0,7534.0,7564.0,7534.0,7671.0,7854.0,7876.0,7910.0,7876.0,7910.0,7876.0,7910.0,7876.0,7877.0,7921.0,7936.0,16597.0,7936.0,7981.0,7987.0,8060.0,8105.0,8275.0,10580.0,10583.0,10586.0,10589.0,10695.0,13414.0,13429.0,14099.0,14133.0,14142.0,14167.0,14200.0,14225.0,14308.0,14519.0,15213.0,15221.0,15768.0,15804.0,15847.0,15877.0,15887.0,15888.0,16154.0,16591.0,16630.0,16674.0],[130.0,108.0,104.0,141.0,0.0,405.0,415.0,464.0,481.0,547.0,568.0,1455.0,1789.0,1793.0,1836.0,1947.0,1951.0,1953.0,1965.0,1997.0,2017.0,2670.0,2673.0,4733.0,4766.0,6332.0,7353.0,6332.0,7353.0,10838.0,7353.0,7410.0,7440.0,7410.0,7547.0,7730.0,7752.0,7786.0,7752.0,7786.0,7752.0,7786.0,7752.0,7753.0,7937.0,7952.0,16655.0,7952.0,7997.0,8003.0,8076.0,8121.0,8291.0,10596.0,10599.0,10602.0,10605.0,10711.0,13430.0,13445.0,14115.0,14149.0,14158.0,14183.0,14216.0,14241.0,14324.0,14535.0,15229.0,15237.0,15784.0,15820.0,15863.0,15893.0,15903.0,15904.0,16170.0,16607.0,16646.0,16690.0],[514.0,492.0,492.0,529.0,405.0,0.0,10.0,59.0,76.0,142.0,163.0,1050.0,1384.0,1388.0,1431.0,1542.0,1546.0,1548.0,1560.0,1592.0,1612.0,2265.0,2268.0,4328.0,4361.0,5927.0,6948.0,5927.0,6948.0,10433.0,6948.0,7005.0,7035.0,7005.0,7142.0,7325.0,7347.0,7381.0,7347.0,7381.0,7347.0,7381.0,7347.0,7348.0,7532.0,7547.0,16275.0,7547.0,7592.0,7598.0,7671.0,7716.0,7886.0,10191.0,10194.0,10197.0,10200.0,10306.0,13025.0,13040.0,13710.0,13744.0,13753.0,13778.0,13811.0,13836.0,13919.0,14130.0,14824.0,14832.0,15379.0,15415.0,15458.0,15488.0,15498.0,15499.0,15765.0,16202.0,16241.0,16285.0],[524.0,502.0,502.0,539.0,415.0,10.0,0.0,49.0,66.0,132.0,153.0,1040.0,1374.0,1378.0,1421.0,1532.0,1536.0,1538.0,1550.0,1582.0,1602.0,2255.0,2258.0,4318.0,4351.0,5917.0,6938.0,5917.0,6938.0,10423.0,6938.0,6995.0,7025.0,6995.0,7132.0,7315.0,7337.0,7371.0,7337.0,7371.0,7337.0,7371.0,7337.0,7338.0,7522.0,7537.0,16265.0,7537.0,7582.0,7588.0,7661.0,7706.0,7876.0,10181.0,10184.0,10187.0,10190.0,10296.0,13015.0,13030.0,13700.0,13734.0,13743.0,13768.0,13801.0,13826.0,13909.0,14120.0,14814.0,14822.0,15369.0,15405.0,15448.0,15478.0,15488.0,15489.0,15755.0,16192.0,16231.0,16275.0],[573.0,551.0,551.0,588.0,464.0,59.0,49.0,0.0,20.0,86.0,107.0,994.0,1332.0,1336.0,1379.0,1490.0,1494.0,1496.0,1508.0,1540.0,1560.0,2213.0,2216.0,4276.0,4309.0,5875.0,6896.0,5875.0,6896.0,10381.0,6896.0,6953.0,6983.0,6953.0,7090.0,7273.0,7295.0,7329.0,7295.0,7329.0,7295.0,7329.0,7295.0,7296.0,7480.0,7495.0,16223.0,7495.0,7540.0,7546.0,7619.0,7664.0,7834.0,10139.0,10142.0,10145.0,10148.0,10255.0,12974.0,12989.0,13659.0,13693.0,13702.0,13727.0,13760.0,13785.0,13868.0,14079.0,14773.0,14781.0,15327.0,15363.0,15406.0,15436.0,15446.0,15447.0,15713.0,16150.0,16189.0,16233.0],[590.0,568.0,568.0,605.0,481.0,76.0,66.0,20.0,0.0,66.0,87.0,998.0,1336.0,1340.0,1383.0,1494.0,1498.0,1500.0,1512.0,1544.0,1564.0,2217.0,2220.0,4280.0,4313.0,5879.0,6900.0,5879.0,6900.0,10385.0,6900.0,6957.0,6987.0,6957.0,7094.0,7277.0,7299.0,7333.0,7299.0,7333.0,7299.0,7333.0,7299.0,7300.0,7484.0,7499.0,16227.0,7499.0,7544.0,7550.0,7623.0,7668.0,7838.0,10143.0,10146.0,10149.0,10152.0,10259.0,12978.0,12993.0,13663.0,13697.0,13706.0,13731.0,13764.0,13789.0,13872.0,14083.0,14777.0,14785.0,15331.0,15367.0,15410.0,15440.0,15450.0,15451.0,15717.0,16154.0,16193.0,16237.0],[656.0,634.0,634.0,671.0,547.0,142.0,132.0,86.0,66.0,0.0,24.0,1006.0,1344.0,1348.0,1391.0,1502.0,1506.0,1508.0,1520.0,1552.0,1572.0,2225.0,2228.0,4288.0,4321.0,5887.0,6908.0,5887.0,6908.0,10393.0,6908.0,6965.0,6995.0,6965.0,7102.0,7285.0,7307.0,7341.0,7307.0,7341.0,7307.0,7341.0,7307.0,7308.0,7492.0,7507.0,16233.0,7507.0,7552.0,7558.0,7631.0,7676.0,7846.0,10151.0,10154.0,10157.0,10160.0,10267.0,12986.0,13001.0,13671.0,13705.0,13714.0,13739.0,13772.0,13797.0,13880.0,14091.0,14785.0,14793.0,15339.0,15375.0,15418.0,15448.0,15458.0,15459.0,15725.0,16162.0,16201.0,16245.0],[677.0,655.0,655.0,692.0,568.0,163.0,153.0,107.0,87.0,24.0,0.0,1022.0,1360.0,1364.0,1407.0,1518.0,1522.0,1524.0,1536.0,1568.0,1588.0,2241.0,2244.0,4304.0,4337.0,5903.0,6924.0,5903.0,6924.0,10409.0,6924.0,6981.0,7011.0,6981.0,7118.0,7301.0,7323.0,7357.0,7323.0,7357.0,7323.0,7357.0,7323.0,7324.0,7508.0,7523.0,16251.0,7523.0,7568.0,7574.0,7647.0,7692.0,7862.0,10167.0,10170.0,10173.0,10176.0,10283.0,13002.0,13017.0,13687.0,13721.0,13730.0,13755.0,13788.0,13813.0,13896.0,14107.0,14801.0,14809.0,15355.0,15391.0,15434.0,15464.0,15474.0,15475.0,15741.0,16178.0,16217.0,16261.0],[1564.0,1542.0,1542.0,1579.0,1455.0,1050.0,1040.0,994.0,998.0,1006.0,1022.0,0.0,338.0,342.0,385.0,496.0,500.0,502.0,514.0,546.0,566.0,1219.0,1222.0,3282.0,3315.0,4881.0,5902.0,4881.0,5902.0,9387.0,5902.0,5959.0,5989.0,5959.0,6096.0,6279.0,6301.0,6335.0,6301.0,6335.0,6301.0,6335.0,6301.0,6302.0,6486.0,6501.0,15382.0,6501.0,6546.0,6552.0,6625.0,6670.0,6840.0,9145.0,9148.0,9151.0,9154.0,9261.0,11980.0,11995.0,12665.0,12699.0,12708.0,12733.0,12766.0,12793.0,12876.0,13087.0,13781.0,13789.0,14335.0,14371.0,14414.0,14444.0,14454.0,14455.0,14721.0,15158.0,15197.0,15241.0],[1898.0,1876.0,1876.0,1913.0,1789.0,1384.0,1374.0,1332.0,1336.0,1344.0,1360.0,338.0,0.0,4.0,47.0,158.0,162.0,164.0,176.0,208.0,228.0,881.0,884.0,2944.0,2977.0,4543.0,5564.0,4543.0,5564.0,9049.0,5564.0,5621.0,5651.0,5621.0,5758.0,5941.0,5963.0,5997.0,5963.0,5997.0,5963.0,5997.0,5963.0,5964.0,6148.0,6163.0,15044.0,6163.0,6208.0,6214.0,6287.0,6332.0,6502.0,8807.0,8810.0,8813.0,8816.0,8944.0,11663.0,11678.0,12348.0,12382.0,12391.0,12416.0,12449.0,12476.0,12559.0,12770.0,13464.0,13472.0,14022.0,14058.0,14101.0,14131.0,14141.0,14142.0,14408.0,14845.0,14884.0,14928.0],[1902.0,1880.0,1880.0,1917.0,1793.0,1388.0,1378.0,1336.0,1340.0,1348.0,1364.0,342.0,4.0,0.0,43.0,154.0,158.0,160.0,172.0,204.0,224.0,877.0,880.0,2940.0,2973.0,4539.0,5560.0,4539.0,5560.0,9045.0,5560.0,5617.0,5647.0,5617.0,5754.0,5937.0,5959.0,5993.0,5959.0,5993.0,5959.0,5993.0,5959.0,5960.0,6144.0,6159.0,15040.0,6159.0,6204.0,6210.0,6283.0,6328.0,6498.0,8803.0,8806.0,8809.0,8812.0,8940.0,11659.0,11674.0,12344.0,12378.0,12387.0,12412.0,12445.0,12472.0,12555.0,12766.0,13460.0,13468.0,14018.0,14054.0,14097.0,14127.0,14137.0,14138.0,14404.0,14841.0,14880.0,14924.0],[1901.0,1923.0,1923.0,1960.0,1836.0,1431.0,1421.0,1379.0,1383.0,1391.0,1407.0,385.0,47.0,43.0,0.0,111.0,115.0,117.0,129.0,161.0,181.0,834.0,837.0,2897.0,2930.0,4496.0,5517.0,4496.0,5517.0,9002.0,5517.0,5623.0,5653.0,5623.0,5760.0,5943.0,5965.0,5999.0,5965.0,5999.0,5965.0,5999.0,5965.0,5966.0,6150.0,6165.0,15046.0,6165.0,6210.0,6216.0,6289.0,6334.0,6504.0,8809.0,8812.0,8815.0,8818.0,8946.0,11665.0,11680.0,12350.0,12384.0,12393.0,12418.0,12451.0,12478.0,12561.0,12772.0,13466.0,13474.0,14024.0,14060.0,14103.0,14133.0,14143.0,14144.0,14410.0,14847.0,14886.0,14930.0],[2012.0,2034.0,2034.0,2071.0,1947.0,1542.0,1532.0,1490.0,1494.0,1502.0,1518.0,496.0,158.0,154.0,111.0,0.0,4.0,6.0,18.0,50.0,70.0,723.0,726.0,2789.0,2822.0,4411.0,5478.0,4411.0,5478.0,8963.0,5478.0,5584.0,5614.0,5584.0,5721.0,5904.0,5926.0,5960.0,5926.0,5960.0,5926.0,5960.0,5926.0,5927.0,6111.0,6126.0,15009.0,6126.0,6171.0,6177.0,6250.0,6295.0,6467.0,8770.0,8773.0,8776.0,8779.0,8907.0,11626.0,11641.0,12311.0,12345.0,12354.0,12379.0,12412.0,12439.0,12522.0,12733.0,13429.0,13437.0,13996.0,14032.0,14075.0,14105.0,14115.0,14116.0,14382.0,14819.0,14858.0,14902.0],[2016.0,2038.0,2038.0,2075.0,1951.0,1546.0,1536.0,1494.0,1498.0,1506.0,1522.0,500.0,162.0,158.0,115.0,4.0,0.0,2.0,14.0,46.0,66.0,719.0,722.0,2785.0,2818.0,4407.0,5474.0,4407.0,5474.0,8959.0,5474.0,5580.0,5610.0,5580.0,5717.0,5900.0,5922.0,5956.0,5922.0,5956.0,5922.0,5956.0,5922.0,5923.0,6107.0,6122.0,15013.0,6122.0,6167.0,6173.0,6246.0,6291.0,6463.0,8766.0,8769.0,8772.0,8775.0,8903.0,11622.0,11637.0,12307.0,12341.0,12350.0,12375.0,12408.0,12435.0,12518.0,12729.0,13425.0,13433.0,13992.0,14028.0,14071.0,14101.0,14111.0,14112.0,14378.0,14815.0,14854.0,14898.0],[2018.0,2040.0,2040.0,2077.0,1953.0,1548.0,1538.0,1496.0,1500.0,1508.0,1524.0,502.0,164.0,160.0,117.0,6.0,2.0,0.0,12.0,45.0,65.0,718.0,721.0,2784.0,2817.0,4406.0,5473.0,4406.0,5473.0,8958.0,5473.0,5579.0,5609.0,5579.0,5716.0,5899.0,5921.0,5955.0,5921.0,5955.0,5921.0,5955.0,5921.0,5922.0,6106.0,6121.0,15012.0,6121.0,6166.0,6172.0,6245.0,6290.0,6462.0,8765.0,8768.0,8771.0,8774.0,8902.0,11621.0,11636.0,12306.0,12340.0,12349.0,12374.0,12407.0,12434.0,12517.0,12728.0,13424.0,13432.0,13991.0,14027.0,14070.0,14100.0,14110.0,14111.0,14377.0,14814.0,14853.0,14897.0],[2030.0,2052.0,2052.0,2089.0,1965.0,1560.0,1550.0,1508.0,1512.0,1520.0,1536.0,514.0,176.0,172.0,129.0,18.0,14.0,12.0,0.0,45.0,65.0,718.0,721.0,2784.0,2817.0,4406.0,5473.0,4406.0,5473.0,8958.0,5473.0,5579.0,5609.0,5579.0,5716.0,5899.0,5921.0,5955.0,5921.0,5955.0,5921.0,5955.0,5921.0,5922.0,6106.0,6121.0,15012.0,6121.0,6166.0,6172.0,6245.0,6290.0,6462.0,8765.0,8768.0,8771.0,8774.0,8902.0,11621.0,11636.0,12306.0,12340.0,12349.0,12374.0,12407.0,12434.0,12517.0,12728.0,13424.0,13432.0,13991.0,14027.0,14070.0,14100.0,14110.0,14111.0,14377.0,14814.0,14853.0,14897.0],[2062.0,2084.0,2084.0,2121.0,1997.0,1592.0,1582.0,1540.0,1544.0,1552.0,1568.0,546.0,208.0,204.0,161.0,50.0,46.0,45.0,45.0,0.0,20.0,673.0,676.0,2739.0,2772.0,4361.0,5428.0,4361.0,5428.0,8913.0,5428.0,5534.0,5564.0,5534.0,5671.0,5854.0,5876.0,5910.0,5876.0,5910.0,5876.0,5910.0,5876.0,5877.0,6061.0,6076.0,14967.0,6076.0,6121.0,6127.0,6200.0,6245.0,6417.0,8720.0,8723.0,8726.0,8729.0,8857.0,11576.0,11591.0,12261.0,12295.0,12304.0,12329.0,12362.0,12389.0,12472.0,12683.0,13379.0,13387.0,13946.0,13982.0,14025.0,14055.0,14065.0,14066.0,14332.0,14769.0,14808.0,14852.0],[2082.0,2104.0,2104.0,2141.0,2017.0,1612.0,1602.0,1560.0,1564.0,1572.0,1588.0,566.0,228.0,224.0,181.0,70.0,66.0,65.0,65.0,20.0,0.0,653.0,656.0,2719.0,2752.0,4341.0,5412.0,4341.0,5412.0,8913.0,5412.0,5518.0,5548.0,5518.0,5655.0,5838.0,5860.0,5894.0,5860.0,5894.0,5860.0,5894.0,5860.0,5861.0,6045.0,6060.0,14977.0,6060.0,6105.0,6111.0,6184.0,6229.0,6405.0,8709.0,8712.0,8715.0,8718.0,8846.0,11576.0,11591.0,12261.0,12295.0,12304.0,12329.0,12362.0,12389.0,12472.0,12683.0,13379.0,13387.0,13946.0,13982.0,14025.0,14055.0,14065.0,14066.0,14332.0,14769.0,14808.0,14852.0],[2735.0,2757.0,2757.0,2794.0,2670.0,2265.0,2255.0,2213.0,2217.0,2225.0,2241.0,1219.0,881.0,877.0,834.0,723.0,719.0,718.0,718.0,673.0,653.0,0.0,3.0,2066.0,2099.0,3688.0,4759.0,3688.0,4759.0,8260.0,4759.0,4865.0,4895.0,4865.0,5002.0,5185.0,5207.0,5241.0,5207.0,5241.0,5207.0,5241.0,5207.0,5208.0,5392.0,5407.0,14452.0,5407.0,5452.0,5458.0,5531.0,5576.0,5755.0,8056.0,8059.0,8062.0,8065.0,8193.0,10923.0,10938.0,11608.0,11642.0,11651.0,11676.0,11709.0,11736.0,11819.0,12030.0,12726.0,12734.0,13293.0,13329.0,13372.0,13402.0,13412.0,13413.0,13679.0,14116.0,14155.0,14199.0],[2738.0,2760.0,2760.0,2797.0,2673.0,2268.0,2258.0,2216.0,2220.0,2228.0,2244.0,1222.0,884.0,880.0,837.0,726.0,722.0,721.0,721.0,676.0,656.0,3.0,0.0,2064.0,2097.0,3686.0,4757.0,3686.0,4757.0,8258.0,4757.0,4863.0,4893.0,4863.0,5000.0,5183.0,5205.0,5239.0,5205.0,5239.0,5205.0,5239.0,5205.0,5206.0,5390.0,5405.0,14455.0,5405.0,5450.0,5456.0,5529.0,5574.0,5753.0,8054.0,8057.0,8060.0,8063.0,8191.0,10921.0,10936.0,11606.0,11640.0,11649.0,11674.0,11707.0,11734.0,11817.0,12028.0,12724.0,12732.0,13291.0,13327.0,13370.0,13400.0,13410.0,13411.0,13677.0,14114.0,14153.0,14197.0],[4798.0,4820.0,4820.0,4857.0,4733.0,4328.0,4318.0,4276.0,4280.0,4288.0,4304.0,3282.0,2944.0,2940.0,2897.0,2789.0,2785.0,2784.0,2784.0,2739.0,2719.0,2066.0,2064.0,0.0,39.0,1628.0,2699.0,1628.0,2699.0,6200.0,2699.0,2805.0,2835.0,2805.0,2942.0,3125.0,3147.0,3181.0,3147.0,3181.0,3147.0,3181.0,3147.0,3148.0,3332.0,3347.0,13096.0,3347.0,3392.0,3398.0,3471.0,3516.0,3702.0,6029.0,6032.0,6035.0,6038.0,6166.0,8901.0,8916.0,9586.0,9620.0,9629.0,9654.0,9687.0,9714.0,9797.0,10008.0,10704.0,10765.0,11331.0,11367.0,11410.0,11440.0,11450.0,11451.0,11717.0,12154.0,12193.0,12237.0],[4831.0,4853.0,4853.0,4890.0,4766.0,4361.0,4351.0,4309.0,4313.0,4321.0,4337.0,3315.0,2977.0,2973.0,2930.0,2822.0,2818.0,2817.0,2817.0,2772.0,2752.0,2099.0,2097.0,39.0,0.0,1589.0,2660.0,1589.0,2660.0,6161.0,2660.0,2766.0,2796.0,2766.0,2903.0,3086.0,3108.0,3142.0,3108.0,3142.0,3108.0,3142.0,3108.0,3109.0,3293.0,3308.0,13070.0,3308.0,3353.0,3359.0,3432.0,3477.0,3663.0,5990.0,5993.0,5996.0,5999.0,6127.0,8862.0,8877.0,9547.0,9581.0,9590.0,9615.0,9648.0,9675.0,9758.0,9969.0,10665.0,10726.0,11292.0,11328.0,11371.0,11401.0,11411.0,11412.0,11678.0,12115.0,12154.0,12198.0],[6397.0,6419.0,6419.0,6456.0,6332.0,5927.0,5917.0,5875.0,5879.0,5887.0,5903.0,4881.0,4543.0,4539.0,4496.0,4411.0,4407.0,4406.0,4406.0,4361.0,4341.0,3688.0,3686.0,1628.0,1589.0,0.0,1071.0,0.0,1071.0,4572.0,1071.0,1177.0,1207.0,1177.0,1314.0,1497.0,1519.0,1553.0,1519.0,1553.0,1519.0,1553.0,1519.0,1520.0,1704.0,1719.0,11999.0,1719.0,1764.0,1770.0,1843.0,1888.0,2074.0,4401.0,4404.0,4407.0,4410.0,4538.0,7280.0,7295.0,7965.0,7999.0,8008.0,8033.0,8066.0,8093.0,8176.0,8387.0,9083.0,9144.0,9710.0,9746.0,9789.0,9819.0,9829.0,9830.0,10096.0,10533.0,10572.0,10616.0],[7418.0,7440.0,7440.0,7477.0,7353.0,6948.0,6938.0,6896.0,6900.0,6908.0,6924.0,5902.0,5564.0,5560.0,5517.0,5478.0,5474.0,5473.0,5473.0,5428.0,5412.0,4759.0,4757.0,2699.0,2660.0,1071.0,0.0,1071.0,0.0,3501.0,0.0,106.0,136.0,106.0,243.0,426.0,448.0,482.0,448.0,482.0,448.0,482.0,448.0,449.0,633.0,648.0,11468.0,648.0,693.0,699.0,772.0,817.0,1003.0,3330.0,3333.0,3336.0,3339.0,3467.0,6209.0,6224.0,6894.0,6928.0,6937.0,6962.0,6995.0,7022.0,7105.0,7316.0,8012.0,8073.0,8639.0,8675.0,8718.0,8748.0,8758.0,8759.0,9025.0,9462.0,9501.0,9545.0],[6397.0,6419.0,6419.0,6456.0,6332.0,5927.0,5917.0,5875.0,5879.0,5887.0,5903.0,4881.0,4543.0,4539.0,4496.0,4411.0,4407.0,4406.0,4406.0,4361.0,4341.0,3688.0,3686.0,1628.0,1589.0,0.0,1071.0,0.0,1071.0,4572.0,1071.0,1177.0,1207.0,1177.0,1314.0,1497.0,1519.0,1553.0,1519.0,1553.0,1519.0,1553.0,1519.0,1520.0,1704.0,1719.0,11999.0,1719.0,1764.0,1770.0,1843.0,1888.0,2074.0,4401.0,4404.0,4407.0,4410.0,4538.0,7280.0,7295.0,7965.0,7999.0,8008.0,8033.0,8066.0,8093.0,8176.0,8387.0,9083.0,9144.0,9710.0,9746.0,9789.0,9819.0,9829.0,9830.0,10096.0,10533.0,10572.0,10616.0],[7418.0,7440.0,7440.0,7477.0,7353.0,6948.0,6938.0,6896.0,6900.0,6908.0,6924.0,5902.0,5564.0,5560.0,5517.0,5478.0,5474.0,5473.0,5473.0,5428.0,5412.0,4759.0,4757.0,2699.0,2660.0,1071.0,0.0,1071.0,0.0,3501.0,0.0,106.0,136.0,106.0,243.0,426.0,448.0,482.0,448.0,482.0,448.0,482.0,448.0,449.0,633.0,648.0,11468.0,648.0,693.0,699.0,772.0,817.0,1003.0,3330.0,3333.0,3336.0,3339.0,3467.0,6209.0,6224.0,6894.0,6928.0,6937.0,6962.0,6995.0,7022.0,7105.0,7316.0,8012.0,8073.0,8639.0,8675.0,8718.0,8748.0,8758.0,8759.0,9025.0,9462.0,9501.0,9545.0],[10903.0,10925.0,10925.0,10962.0,10838.0,10433.0,10423.0,10381.0,10385.0,10393.0,10409.0,9387.0,9049.0,9045.0,9002.0,8963.0,8959.0,8958.0,8958.0,8913.0,8913.0,8260.0,8258.0,6200.0,6161.0,4572.0,3501.0,4572.0,3501.0,0.0,3501.0,3607.0,3637.0,3607.0,3744.0,3927.0,3949.0,3983.0,3949.0,3983.0,3949.0,3983.0,3949.0,3950.0,4134.0,4149.0,11315.0,4149.0,4194.0,4200.0,4178.0,4223.0,4328.0,5364.0,5367.0,5370.0,5373.0,5501.0,2708.0,2723.0,3393.0,3427.0,3436.0,3461.0,3494.0,3521.0,3604.0,3815.0,4511.0,4572.0,5138.0,5174.0,5217.0,5247.0,5257.0,5258.0,5524.0,5961.0,6000.0,6044.0],[7418.0,7440.0,7440.0,7477.0,7353.0,6948.0,6938.0,6896.0,6900.0,6908.0,6924.0,5902.0,5564.0,5560.0,5517.0,5478.0,5474.0,5473.0,5473.0,5428.0,5412.0,4759.0,4757.0,2699.0,2660.0,1071.0,0.0,1071.0,0.0,3501.0,0.0,106.0,136.0,106.0,243.0,426.0,448.0,482.0,448.0,482.0,448.0,482.0,448.0,449.0,633.0,648.0,11468.0,648.0,693.0,699.0,772.0,817.0,1003.0,3330.0,3333.0,3336.0,3339.0,3467.0,6209.0,6224.0,6894.0,6928.0,6937.0,6962.0,6995.0,7022.0,7105.0,7316.0,8012.0,8073.0,8639.0,8675.0,8718.0,8748.0,8758.0,8759.0,9025.0,9462.0,9501.0,9545.0],[7502.0,7497.0,7497.0,7534.0,7410.0,7005.0,6995.0,6953.0,6957.0,6965.0,6981.0,5959.0,5621.0,5617.0,5623.0,5584.0,5580.0,5579.0,5579.0,5534.0,5518.0,4865.0,4863.0,2805.0,2766.0,1177.0,106.0,1177.0,106.0,3607.0,106.0,0.0,30.0,0.0,137.0,320.0,342.0,376.0,342.0,376.0,342.0,376.0,342.0,343.0,527.0,542.0,11362.0,542.0,587.0,593.0,666.0,711.0,897.0,3224.0,3227.0,3230.0,3233.0,3361.0,6103.0,6118.0,6788.0,6822.0,6831.0,6856.0,6889.0,6916.0,6999.0,7210.0,7906.0,7967.0,8533.0,8569.0,8612.0,8642.0,8652.0,8653.0,8919.0,9356.0,9395.0,9439.0],[7532.0,7527.0,7527.0,7564.0,7440.0,7035.0,7025.0,6983.0,6987.0,6995.0,7011.0,5989.0,5651.0,5647.0,5653.0,5614.0,5610.0,5609.0,5609.0,5564.0,5548.0,4895.0,4893.0,2835.0,2796.0,1207.0,136.0,1207.0,136.0,3637.0,136.0,30.0,0.0,30.0,167.0,350.0,372.0,406.0,372.0,406.0,372.0,406.0,372.0,373.0,557.0,572.0,11392.0,572.0,617.0,623.0,696.0,741.0,927.0,3254.0,3257.0,3260.0,3263.0,3391.0,6133.0,6148.0,6818.0,6852.0,6861.0,6886.0,6919.0,6946.0,7029.0,7240.0,7936.0,7997.0,8563.0,8599.0,8642.0,8672.0,8682.0,8683.0,8949.0,9386.0,9405.0,9449.0],[7502.0,7497.0,7497.0,7534.0,7410.0,7005.0,6995.0,6953.0,6957.0,6965.0,6981.0,5959.0,5621.0,5617.0,5623.0,5584.0,5580.0,5579.0,5579.0,5534.0,5518.0,4865.0,4863.0,2805.0,2766.0,1177.0,106.0,1177.0,106.0,3607.0,106.0,0.0,30.0,0.0,137.0,320.0,342.0,376.0,342.0,376.0,342.0,376.0,342.0,343.0,527.0,542.0,11362.0,542.0,587.0,593.0,666.0,711.0,897.0,3224.0,3227.0,3230.0,3233.0,3361.0,6103.0,6118.0,6788.0,6822.0,6831.0,6856.0,6889.0,6916.0,6999.0,7210.0,7906.0,7967.0,8533.0,8569.0,8612.0,8642.0,8652.0,8653.0,8919.0,9356.0,9395.0,9439.0],[7639.0,7634.0,7634.0,7671.0,7547.0,7142.0,7132.0,7090.0,7094.0,7102.0,7118.0,6096.0,5758.0,5754.0,5760.0,5721.0,5717.0,5716.0,5716.0,5671.0,5655.0,5002.0,5000.0,2942.0,2903.0,1314.0,243.0,1314.0,243.0,3744.0,243.0,137.0,167.0,137.0,0.0,183.0,205.0,239.0,205.0,239.0,205.0,239.0,205.0,206.0,390.0,405.0,11225.0,405.0,450.0,456.0,529.0,574.0,760.0,3087.0,3090.0,3093.0,3096.0,3224.0,5966.0,5981.0,6651.0,6685.0,6694.0,6719.0,6752.0,6779.0,6862.0,7073.0,7769.0,7830.0,8396.0,8432.0,8475.0,8505.0,8515.0,8516.0,8782.0,9219.0,9258.0,9302.0],[7822.0,7817.0,7817.0,7854.0,7730.0,7325.0,7315.0,7273.0,7277.0,7285.0,7301.0,6279.0,5941.0,5937.0,5943.0,5904.0,5900.0,5899.0,5899.0,5854.0,5838.0,5185.0,5183.0,3125.0,3086.0,1497.0,426.0,1497.0,426.0,3927.0,426.0,320.0,350.0,320.0,183.0,0.0,22.0,56.0,22.0,56.0,22.0,56.0,22.0,23.0,207.0,222.0,11042.0,222.0,267.0,273.0,346.0,391.0,577.0,2904.0,2907.0,2910.0,2913.0,3041.0,5783.0,5798.0,6468.0,6502.0,6511.0,6536.0,6569.0,6596.0,6679.0,6890.0,7586.0,7647.0,8213.0,8249.0,8292.0,8322.0,8332.0,8333.0,8599.0,9036.0,9075.0,9119.0],[7844.0,7839.0,7839.0,7876.0,7752.0,7347.0,7337.0,7295.0,7299.0,7307.0,7323.0,6301.0,5963.0,5959.0,5965.0,5926.0,5922.0,5921.0,5921.0,5876.0,5860.0,5207.0,5205.0,3147.0,3108.0,1519.0,448.0,1519.0,448.0,3949.0,448.0,342.0,372.0,342.0,205.0,22.0,0.0,34.0,0.0,34.0,0.0,34.0,0.0,1.0,185.0,200.0,11020.0,200.0,245.0,251.0,324.0,369.0,555.0,2882.0,2885.0,2888.0,2891.0,3019.0,5761.0,5776.0,6446.0,6480.0,6489.0,6514.0,6547.0,6574.0,6657.0,6868.0,7564.0,7625.0,8191.0,8227.0,8270.0,8300.0,8310.0,8311.0,8577.0,9014.0,9053.0,9097.0],[7878.0,7873.0,7873.0,7910.0,7786.0,7381.0,7371.0,7329.0,7333.0,7341.0,7357.0,6335.0,5997.0,5993.0,5999.0,5960.0,5956.0,5955.0,5955.0,5910.0,5894.0,5241.0,5239.0,3181.0,3142.0,1553.0,482.0,1553.0,482.0,3983.0,482.0,376.0,406.0,376.0,239.0,56.0,34.0,0.0,34.0,0.0,34.0,0.0,34.0,35.0,219.0,234.0,11044.0,234.0,279.0,285.0,350.0,395.0,581.0,2908.0,2911.0,2914.0,2917.0,3045.0,5795.0,5810.0,6480.0,6514.0,6523.0,6548.0,6581.0,6608.0,6691.0,6902.0,7598.0,7659.0,8225.0,8261.0,8304.0,8334.0,8344.0,8345.0,8611.0,9048.0,9087.0,9131.0],[7844.0,7839.0,7839.0,7876.0,7752.0,7347.0,7337.0,7295.0,7299.0,7307.0,7323.0,6301.0,5963.0,5959.0,5965.0,5926.0,5922.0,5921.0,5921.0,5876.0,5860.0,5207.0,5205.0,3147.0,3108.0,1519.0,448.0,1519.0,448.0,3949.0,448.0,342.0,372.0,342.0,205.0,22.0,0.0,34.0,0.0,34.0,0.0,34.0,0.0,1.0,185.0,200.0,11020.0,200.0,245.0,251.0,324.0,369.0,555.0,2882.0,2885.0,2888.0,2891.0,3019.0,5761.0,5776.0,6446.0,6480.0,6489.0,6514.0,6547.0,6574.0,6657.0,6868.0,7564.0,7625.0,8191.0,8227.0,8270.0,8300.0,8310.0,8311.0,8577.0,9014.0,9053.0,9097.0],[7878.0,7873.0,7873.0,7910.0,7786.0,7381.0,7371.0,7329.0,7333.0,7341.0,7357.0,6335.0,5997.0,5993.0,5999.0,5960.0,5956.0,5955.0,5955.0,5910.0,5894.0,5241.0,5239.0,3181.0,3142.0,1553.0,482.0,1553.0,482.0,3983.0,482.0,376.0,406.0,376.0,239.0,56.0,34.0,0.0,34.0,0.0,34.0,0.0,34.0,35.0,219.0,234.0,11044.0,234.0,279.0,285.0,350.0,395.0,581.0,2908.0,2911.0,2914.0,2917.0,3045.0,5795.0,5810.0,6480.0,6514.0,6523.0,6548.0,6581.0,6608.0,6691.0,6902.0,7598.0,7659.0,8225.0,8261.0,8304.0,8334.0,8344.0,8345.0,8611.0,9048.0,9087.0,9131.0],[7844.0,7839.0,7839.0,7876.0,7752.0,7347.0,7337.0,7295.0,7299.0,7307.0,7323.0,6301.0,5963.0,5959.0,5965.0,5926.0,5922.0,5921.0,5921.0,5876.0,5860.0,5207.0,5205.0,3147.0,3108.0,1519.0,448.0,1519.0,448.0,3949.0,448.0,342.0,372.0,342.0,205.0,22.0,0.0,34.0,0.0,34.0,0.0,34.0,0.0,1.0,185.0,200.0,11020.0,200.0,245.0,251.0,324.0,369.0,555.0,2882.0,2885.0,2888.0,2891.0,3019.0,5761.0,5776.0,6446.0,6480.0,6489.0,6514.0,6547.0,6574.0,6657.0,6868.0,7564.0,7625.0,8191.0,8227.0,8270.0,8300.0,8310.0,8311.0,8577.0,9014.0,9053.0,9097.0],[7878.0,7873.0,7873.0,7910.0,7786.0,7381.0,7371.0,7329.0,7333.0,7341.0,7357.0,6335.0,5997.0,5993.0,5999.0,5960.0,5956.0,5955.0,5955.0,5910.0,5894.0,5241.0,5239.0,3181.0,3142.0,1553.0,482.0,1553.0,482.0,3983.0,482.0,376.0,406.0,376.0,239.0,56.0,34.0,0.0,34.0,0.0,34.0,0.0,34.0,35.0,219.0,234.0,11044.0,234.0,279.0,285.0,350.0,395.0,581.0,2908.0,2911.0,2914.0,2917.0,3045.0,5795.0,5810.0,6480.0,6514.0,6523.0,6548.0,6581.0,6608.0,6691.0,6902.0,7598.0,7659.0,8225.0,8261.0,8304.0,8334.0,8344.0,8345.0,8611.0,9048.0,9087.0,9131.0],[7844.0,7839.0,7839.0,7876.0,7752.0,7347.0,7337.0,7295.0,7299.0,7307.0,7323.0,6301.0,5963.0,5959.0,5965.0,5926.0,5922.0,5921.0,5921.0,5876.0,5860.0,5207.0,5205.0,3147.0,3108.0,1519.0,448.0,1519.0,448.0,3949.0,448.0,342.0,372.0,342.0,205.0,22.0,0.0,34.0,0.0,34.0,0.0,34.0,0.0,1.0,185.0,200.0,11020.0,200.0,245.0,251.0,324.0,369.0,555.0,2882.0,2885.0,2888.0,2891.0,3019.0,5761.0,5776.0,6446.0,6480.0,6489.0,6514.0,6547.0,6574.0,6657.0,6868.0,7564.0,7625.0,8191.0,8227.0,8270.0,8300.0,8310.0,8311.0,8577.0,9014.0,9053.0,9097.0],[7845.0,7840.0,7840.0,7877.0,7753.0,7348.0,7338.0,7296.0,7300.0,7308.0,7324.0,6302.0,5964.0,5960.0,5966.0,5927.0,5923.0,5922.0,5922.0,5877.0,5861.0,5208.0,5206.0,3148.0,3109.0,1520.0,449.0,1520.0,449.0,3950.0,449.0,343.0,373.0,343.0,206.0,23.0,1.0,35.0,1.0,35.0,1.0,35.0,1.0,0.0,186.0,201.0,11021.0,201.0,246.0,252.0,325.0,370.0,556.0,2883.0,2886.0,2889.0,2892.0,3020.0,5762.0,5777.0,6447.0,6481.0,6490.0,6515.0,6548.0,6575.0,6658.0,6869.0,7565.0,7626.0,8192.0,8228.0,8271.0,8301.0,8311.0,8312.0,8578.0,9015.0,9054.0,9098.0],[7928.0,7923.0,7923.0,7921.0,7937.0,7532.0,7522.0,7480.0,7484.0,7492.0,7508.0,6486.0,6148.0,6144.0,6150.0,6111.0,6107.0,6106.0,6106.0,6061.0,6045.0,5392.0,5390.0,3332.0,3293.0,1704.0,633.0,1704.0,633.0,4134.0,633.0,527.0,557.0,527.0,390.0,207.0,185.0,219.0,185.0,219.0,185.0,219.0,185.0,186.0,0.0,15.0,10840.0,15.0,60.0,66.0,139.0,184.0,375.0,2698.0,2701.0,2704.0,2707.0,2835.0,5577.0,5592.0,6262.0,6296.0,6305.0,6330.0,6363.0,6390.0,6473.0,6684.0,7380.0,7441.0,8007.0,8043.0,8086.0,8116.0,8126.0,8127.0,8393.0,8830.0,8869.0,8913.0],[7943.0,7938.0,7938.0,7936.0,7952.0,7547.0,7537.0,7495.0,7499.0,7507.0,7523.0,6501.0,6163.0,6159.0,6165.0,6126.0,6122.0,6121.0,6121.0,6076.0,6060.0,5407.0,5405.0,3347.0,3308.0,1719.0,648.0,1719.0,648.0,4149.0,648.0,542.0,572.0,542.0,405.0,222.0,200.0,234.0,200.0,234.0,200.0,234.0,200.0,201.0,15.0,0.0,10825.0,0.0,45.0,51.0,124.0,169.0,360.0,2683.0,2686.0,2689.0,2692.0,2820.0,5562.0,5577.0,6247.0,6281.0,6290.0,6315.0,6348.0,6375.0,6458.0,6669.0,7365.0,7426.0,7992.0,8028.0,8071.0,8101.0,8111.0,8112.0,8378.0,8815.0,8854.0,8898.0],[16604.0,16599.0,16599.0,16597.0,16655.0,16275.0,16265.0,16223.0,16227.0,16233.0,16251.0,15382.0,15044.0,15040.0,15046.0,15009.0,15013.0,15012.0,15012.0,14967.0,14977.0,14452.0,14455.0,13096.0,13070.0,11999.0,11468.0,11999.0,11468.0,11315.0,11468.0,11362.0,11392.0,11362.0,11225.0,11042.0,11020.0,11044.0,11020.0,11044.0,11020.0,11044.0,11020.0,11021.0,10840.0,10825.0,0.0,10825.0,10870.0,10876.0,10864.0,10856.0,10932.0,9072.0,9075.0,9078.0,9081.0,9201.0,9292.0,9307.0,9977.0,10011.0,10020.0,10045.0,10009.0,10009.0,10092.0,10303.0,10999.0,11001.0,11212.0,11248.0,11291.0,11321.0,11331.0,11332.0,11066.0,10629.0,10668.0,10712.0],[7943.0,7938.0,7938.0,7936.0,7952.0,7547.0,7537.0,7495.0,7499.0,7507.0,7523.0,6501.0,6163.0,6159.0,6165.0,6126.0,6122.0,6121.0,6121.0,6076.0,6060.0,5407.0,5405.0,3347.0,3308.0,1719.0,648.0,1719.0,648.0,4149.0,648.0,542.0,572.0,542.0,405.0,222.0,200.0,234.0,200.0,234.0,200.0,234.0,200.0,201.0,15.0,0.0,10825.0,0.0,45.0,51.0,124.0,169.0,360.0,2683.0,2686.0,2689.0,2692.0,2820.0,5562.0,5577.0,6247.0,6281.0,6290.0,6315.0,6348.0,6375.0,6458.0,6669.0,7365.0,7426.0,7992.0,8028.0,8071.0,8101.0,8111.0,8112.0,8378.0,8815.0,8854.0,8898.0],[7988.0,7983.0,7983.0,7981.0,7997.0,7592.0,7582.0,7540.0,7544.0,7552.0,7568.0,6546.0,6208.0,6204.0,6210.0,6171.0,6167.0,6166.0,6166.0,6121.0,6105.0,5452.0,5450.0,3392.0,3353.0,1764.0,693.0,1764.0,693.0,4194.0,693.0,587.0,617.0,587.0,450.0,267.0,245.0,279.0,245.0,279.0,245.0,279.0,245.0,246.0,60.0,45.0,10870.0,45.0,0.0,6.0,79.0,124.0,315.0,2638.0,2641.0,2644.0,2647.0,2775.0,5517.0,5532.0,6202.0,6236.0,6245.0,6270.0,6303.0,6330.0,6413.0,6624.0,7320.0,7381.0,7947.0,7983.0,8026.0,8056.0,8066.0,8067.0,8333.0,8770.0,8809.0,8855.0],[7994.0,7989.0,7989.0,7987.0,8003.0,7598.0,7588.0,7546.0,7550.0,7558.0,7574.0,6552.0,6214.0,6210.0,6216.0,6177.0,6173.0,6172.0,6172.0,6127.0,6111.0,5458.0,5456.0,3398.0,3359.0,1770.0,699.0,1770.0,699.0,4200.0,699.0,593.0,623.0,593.0,456.0,273.0,251.0,285.0,251.0,285.0,251.0,285.0,251.0,252.0,66.0,51.0,10876.0,51.0,6.0,0.0,73.0,118.0,309.0,2632.0,2635.0,2638.0,2641.0,2769.0,5511.0,5526.0,6197.0,6231.0,6240.0,6265.0,6298.0,6325.0,6408.0,6619.0,7315.0,7376.0,7942.0,7978.0,8021.0,8051.0,8061.0,8062.0,8328.0,8765.0,8804.0,8850.0],[8067.0,8062.0,8062.0,8060.0,8076.0,7671.0,7661.0,7619.0,7623.0,7631.0,7647.0,6625.0,6287.0,6283.0,6289.0,6250.0,6246.0,6245.0,6245.0,6200.0,6184.0,5531.0,5529.0,3471.0,3432.0,1843.0,772.0,1843.0,772.0,4178.0,772.0,666.0,696.0,666.0,529.0,346.0,324.0,350.0,324.0,350.0,324.0,350.0,324.0,325.0,139.0,124.0,10864.0,124.0,79.0,73.0,0.0,45.0,236.0,2559.0,2562.0,2565.0,2568.0,2696.0,5489.0,5504.0,6175.0,6209.0,6218.0,6243.0,6276.0,6303.0,6386.0,6597.0,7293.0,7354.0,7920.0,7956.0,7999.0,8029.0,8039.0,8040.0,8306.0,8743.0,8782.0,8828.0],[8112.0,8107.0,8107.0,8105.0,8121.0,7716.0,7706.0,7664.0,7668.0,7676.0,7692.0,6670.0,6332.0,6328.0,6334.0,6295.0,6291.0,6290.0,6290.0,6245.0,6229.0,5576.0,5574.0,3516.0,3477.0,1888.0,817.0,1888.0,817.0,4223.0,817.0,711.0,741.0,711.0,574.0,391.0,369.0,395.0,369.0,395.0,369.0,395.0,369.0,370.0,184.0,169.0,10856.0,169.0,124.0,118.0,45.0,0.0,191.0,2514.0,2517.0,2520.0,2523.0,2651.0,5444.0,5459.0,6130.0,6164.0,6173.0,6198.0,6231.0,6258.0,6341.0,6552.0,7248.0,7309.0,7875.0,7911.0,7954.0,7984.0,7994.0,7995.0,8261.0,8698.0,8737.0,8783.0],[8282.0,8277.0,8277.0,8275.0,8291.0,7886.0,7876.0,7834.0,7838.0,7846.0,7862.0,6840.0,6502.0,6498.0,6504.0,6467.0,6463.0,6462.0,6462.0,6417.0,6405.0,5755.0,5753.0,3702.0,3663.0,2074.0,1003.0,2074.0,1003.0,4328.0,1003.0,897.0,927.0,897.0,760.0,577.0,555.0,581.0,555.0,581.0,555.0,581.0,555.0,556.0,375.0,360.0,10932.0,360.0,315.0,309.0,236.0,191.0,0.0,2586.0,2589.0,2592.0,2595.0,2723.0,5516.0,5531.0,6202.0,6236.0,6245.0,6270.0,6303.0,6330.0,6413.0,6624.0,7320.0,7381.0,7947.0,7983.0,8026.0,8056.0,8066.0,8067.0,8333.0,8770.0,8809.0,8855.0],[10587.0,10582.0,10582.0,10580.0,10596.0,10191.0,10181.0,10139.0,10143.0,10151.0,10167.0,9145.0,8807.0,8803.0,8809.0,8770.0,8766.0,8765.0,8765.0,8720.0,8709.0,8056.0,8054.0,6029.0,5990.0,4401.0,3330.0,4401.0,3330.0,5364.0,3330.0,3224.0,3254.0,3224.0,3087.0,2904.0,2882.0,2908.0,2882.0,2908.0,2882.0,2908.0,2882.0,2883.0,2698.0,2683.0,9072.0,2683.0,2638.0,2632.0,2559.0,2514.0,2586.0,0.0,3.0,6.0,9.0,137.0,2930.0,2945.0,3616.0,3650.0,3659.0,3684.0,3717.0,3744.0,3827.0,4038.0,4734.0,4795.0,5361.0,5397.0,5440.0,5470.0,5480.0,5481.0,5747.0,6184.0,6223.0,6269.0],[10590.0,10585.0,10585.0,10583.0,10599.0,10194.0,10184.0,10142.0,10146.0,10154.0,10170.0,9148.0,8810.0,8806.0,8812.0,8773.0,8769.0,8768.0,8768.0,8723.0,8712.0,8059.0,8057.0,6032.0,5993.0,4404.0,3333.0,4404.0,3333.0,5367.0,3333.0,3227.0,3257.0,3227.0,3090.0,2907.0,2885.0,2911.0,2885.0,2911.0,2885.0,2911.0,2885.0,2886.0,2701.0,2686.0,9075.0,2686.0,2641.0,2635.0,2562.0,2517.0,2589.0,3.0,0.0,3.0,6.0,134.0,2927.0,2942.0,3613.0,3653.0,3662.0,3687.0,3720.0,3747.0,3830.0,4041.0,4737.0,4798.0,5364.0,5400.0,5443.0,5473.0,5483.0,5484.0,5750.0,6187.0,6226.0,6272.0],[10593.0,10588.0,10588.0,10586.0,10602.0,10197.0,10187.0,10145.0,10149.0,10157.0,10173.0,9151.0,8813.0,8809.0,8815.0,8776.0,8772.0,8771.0,8771.0,8726.0,8715.0,8062.0,8060.0,6035.0,5996.0,4407.0,3336.0,4407.0,3336.0,5370.0,3336.0,3230.0,3260.0,3230.0,3093.0,2910.0,2888.0,2914.0,2888.0,2914.0,2888.0,2914.0,2888.0,2889.0,2704.0,2689.0,9078.0,2689.0,2644.0,2638.0,2565.0,2520.0,2592.0,6.0,3.0,0.0,3.0,131.0,2924.0,2939.0,3610.0,3650.0,3659.0,3690.0,3723.0,3750.0,3833.0,4044.0,4740.0,4801.0,5367.0,5403.0,5446.0,5476.0,5486.0,5487.0,5753.0,6190.0,6229.0,6275.0],[10596.0,10591.0,10591.0,10589.0,10605.0,10200.0,10190.0,10148.0,10152.0,10160.0,10176.0,9154.0,8816.0,8812.0,8818.0,8779.0,8775.0,8774.0,8774.0,8729.0,8718.0,8065.0,8063.0,6038.0,5999.0,4410.0,3339.0,4410.0,3339.0,5373.0,3339.0,3233.0,3263.0,3233.0,3096.0,2913.0,2891.0,2917.0,2891.0,2917.0,2891.0,2917.0,2891.0,2892.0,2707.0,2692.0,9081.0,2692.0,2647.0,2641.0,2568.0,2523.0,2595.0,9.0,6.0,3.0,0.0,128.0,2921.0,2936.0,3607.0,3647.0,3656.0,3687.0,3726.0,3753.0,3836.0,4047.0,4743.0,4804.0,5370.0,5406.0,5449.0,5479.0,5489.0,5490.0,5756.0,6193.0,6232.0,6278.0],[10702.0,10697.0,10697.0,10695.0,10711.0,10306.0,10296.0,10255.0,10259.0,10267.0,10283.0,9261.0,8944.0,8940.0,8946.0,8907.0,8903.0,8902.0,8902.0,8857.0,8846.0,8193.0,8191.0,6166.0,6127.0,4538.0,3467.0,4538.0,3467.0,5501.0,3467.0,3361.0,3391.0,3361.0,3224.0,3041.0,3019.0,3045.0,3019.0,3045.0,3019.0,3045.0,3019.0,3020.0,2835.0,2820.0,9201.0,2820.0,2775.0,2769.0,2696.0,2651.0,2723.0,137.0,134.0,131.0,128.0,0.0,2793.0,2808.0,3479.0,3519.0,3528.0,3559.0,3598.0,3625.0,3708.0,3919.0,4615.0,4676.0,5268.0,5304.0,5347.0,5377.0,5387.0,5388.0,5654.0,6091.0,6130.0,6176.0],[13421.0,13416.0,13416.0,13414.0,13430.0,13025.0,13015.0,12974.0,12978.0,12986.0,13002.0,11980.0,11663.0,11659.0,11665.0,11626.0,11622.0,11621.0,11621.0,11576.0,11576.0,10923.0,10921.0,8901.0,8862.0,7280.0,6209.0,7280.0,6209.0,2708.0,6209.0,6103.0,6133.0,6103.0,5966.0,5783.0,5761.0,5795.0,5761.0,5795.0,5761.0,5795.0,5761.0,5762.0,5577.0,5562.0,9292.0,5562.0,5517.0,5511.0,5489.0,5444.0,5516.0,2930.0,2927.0,2924.0,2921.0,2793.0,0.0,15.0,686.0,726.0,735.0,766.0,805.0,832.0,915.0,1126.0,1822.0,1883.0,2475.0,2511.0,2554.0,2584.0,2594.0,2595.0,2861.0,3298.0,3337.0,3383.0],[13436.0,13431.0,13431.0,13429.0,13445.0,13040.0,13030.0,12989.0,12993.0,13001.0,13017.0,11995.0,11678.0,11674.0,11680.0,11641.0,11637.0,11636.0,11636.0,11591.0,11591.0,10938.0,10936.0,8916.0,8877.0,7295.0,6224.0,7295.0,6224.0,2723.0,6224.0,6118.0,6148.0,6118.0,5981.0,5798.0,5776.0,5810.0,5776.0,5810.0,5776.0,5810.0,5776.0,5777.0,5592.0,5577.0,9307.0,5577.0,5532.0,5526.0,5504.0,5459.0,5531.0,2945.0,2942.0,2939.0,2936.0,2808.0,15.0,0.0,671.0,711.0,720.0,751.0,790.0,847.0,930.0,1141.0,1837.0,1898.0,2490.0,2526.0,2569.0,2599.0,2609.0,2610.0,2876.0,3313.0,3352.0,3398.0],[14106.0,14101.0,14101.0,14099.0,14115.0,13710.0,13700.0,13659.0,13663.0,13671.0,13687.0,12665.0,12348.0,12344.0,12350.0,12311.0,12307.0,12306.0,12306.0,12261.0,12261.0,11608.0,11606.0,9586.0,9547.0,7965.0,6894.0,7965.0,6894.0,3393.0,6894.0,6788.0,6818.0,6788.0,6651.0,6468.0,6446.0,6480.0,6446.0,6480.0,6446.0,6480.0,6446.0,6447.0,6262.0,6247.0,9977.0,6247.0,6202.0,6197.0,6175.0,6130.0,6202.0,3616.0,3613.0,3610.0,3607.0,3479.0,686.0,671.0,0.0,40.0,49.0,80.0,119.0,176.0,259.0,470.0,1166.0,1227.0,1819.0,1855.0,1898.0,1928.0,1938.0,1939.0,2205.0,2642.0,2681.0,2727.0],[14140.0,14135.0,14135.0,14133.0,14149.0,13744.0,13734.0,13693.0,13697.0,13705.0,13721.0,12699.0,12382.0,12378.0,12384.0,12345.0,12341.0,12340.0,12340.0,12295.0,12295.0,11642.0,11640.0,9620.0,9581.0,7999.0,6928.0,7999.0,6928.0,3427.0,6928.0,6822.0,6852.0,6822.0,6685.0,6502.0,6480.0,6514.0,6480.0,6514.0,6480.0,6514.0,6480.0,6481.0,6296.0,6281.0,10011.0,6281.0,6236.0,6231.0,6209.0,6164.0,6236.0,3650.0,3653.0,3650.0,3647.0,3519.0,726.0,711.0,40.0,0.0,9.0,40.0,79.0,136.0,219.0,430.0,1126.0,1187.0,1779.0,1815.0,1858.0,1888.0,1898.0,1899.0,2165.0,2602.0,2641.0,2687.0],[14149.0,14144.0,14144.0,14142.0,14158.0,13753.0,13743.0,13702.0,13706.0,13714.0,13730.0,12708.0,12391.0,12387.0,12393.0,12354.0,12350.0,12349.0,12349.0,12304.0,12304.0,11651.0,11649.0,9629.0,9590.0,8008.0,6937.0,8008.0,6937.0,3436.0,6937.0,6831.0,6861.0,6831.0,6694.0,6511.0,6489.0,6523.0,6489.0,6523.0,6489.0,6523.0,6489.0,6490.0,6305.0,6290.0,10020.0,6290.0,6245.0,6240.0,6218.0,6173.0,6245.0,3659.0,3662.0,3659.0,3656.0,3528.0,735.0,720.0,49.0,9.0,0.0,32.0,71.0,128.0,211.0,422.0,1118.0,1179.0,1771.0,1807.0,1850.0,1880.0,1890.0,1891.0,2157.0,2594.0,2633.0,2679.0],[14174.0,14169.0,14169.0,14167.0,14183.0,13778.0,13768.0,13727.0,13731.0,13739.0,13755.0,12733.0,12416.0,12412.0,12418.0,12379.0,12375.0,12374.0,12374.0,12329.0,12329.0,11676.0,11674.0,9654.0,9615.0,8033.0,6962.0,8033.0,6962.0,3461.0,6962.0,6856.0,6886.0,6856.0,6719.0,6536.0,6514.0,6548.0,6514.0,6548.0,6514.0,6548.0,6514.0,6515.0,6330.0,6315.0,10045.0,6315.0,6270.0,6265.0,6243.0,6198.0,6270.0,3684.0,3687.0,3690.0,3687.0,3559.0,766.0,751.0,80.0,40.0,32.0,0.0,39.0,96.0,179.0,390.0,1086.0,1147.0,1739.0,1775.0,1818.0,1848.0,1858.0,1859.0,2125.0,2562.0,2601.0,2647.0],[14207.0,14202.0,14202.0,14200.0,14216.0,13811.0,13801.0,13760.0,13764.0,13772.0,13788.0,12766.0,12449.0,12445.0,12451.0,12412.0,12408.0,12407.0,12407.0,12362.0,12362.0,11709.0,11707.0,9687.0,9648.0,8066.0,6995.0,8066.0,6995.0,3494.0,6995.0,6889.0,6919.0,6889.0,6752.0,6569.0,6547.0,6581.0,6547.0,6581.0,6547.0,6581.0,6547.0,6548.0,6363.0,6348.0,10009.0,6348.0,6303.0,6298.0,6276.0,6231.0,6303.0,3717.0,3720.0,3723.0,3726.0,3598.0,805.0,790.0,119.0,79.0,71.0,39.0,0.0,57.0,140.0,351.0,1047.0,1108.0,1700.0,1736.0,1779.0,1809.0,1819.0,1820.0,2086.0,2523.0,2562.0,2608.0],[14232.0,14227.0,14227.0,14225.0,14241.0,13836.0,13826.0,13785.0,13789.0,13797.0,13813.0,12793.0,12476.0,12472.0,12478.0,12439.0,12435.0,12434.0,12434.0,12389.0,12389.0,11736.0,11734.0,9714.0,9675.0,8093.0,7022.0,8093.0,7022.0,3521.0,7022.0,6916.0,6946.0,6916.0,6779.0,6596.0,6574.0,6608.0,6574.0,6608.0,6574.0,6608.0,6574.0,6575.0,6390.0,6375.0,10009.0,6375.0,6330.0,6325.0,6303.0,6258.0,6330.0,3744.0,3747.0,3750.0,3753.0,3625.0,832.0,847.0,176.0,136.0,128.0,96.0,57.0,0.0,83.0,294.0,990.0,1051.0,1643.0,1679.0,1722.0,1752.0,1762.0,1763.0,2029.0,2466.0,2505.0,2551.0],[14315.0,14310.0,14310.0,14308.0,14324.0,13919.0,13909.0,13868.0,13872.0,13880.0,13896.0,12876.0,12559.0,12555.0,12561.0,12522.0,12518.0,12517.0,12517.0,12472.0,12472.0,11819.0,11817.0,9797.0,9758.0,8176.0,7105.0,8176.0,7105.0,3604.0,7105.0,6999.0,7029.0,6999.0,6862.0,6679.0,6657.0,6691.0,6657.0,6691.0,6657.0,6691.0,6657.0,6658.0,6473.0,6458.0,10092.0,6458.0,6413.0,6408.0,6386.0,6341.0,6413.0,3827.0,3830.0,3833.0,3836.0,3708.0,915.0,930.0,259.0,219.0,211.0,179.0,140.0,83.0,0.0,211.0,907.0,968.0,1560.0,1596.0,1639.0,1669.0,1679.0,1680.0,1946.0,2383.0,2422.0,2468.0],[14526.0,14521.0,14521.0,14519.0,14535.0,14130.0,14120.0,14079.0,14083.0,14091.0,14107.0,13087.0,12770.0,12766.0,12772.0,12733.0,12729.0,12728.0,12728.0,12683.0,12683.0,12030.0,12028.0,10008.0,9969.0,8387.0,7316.0,8387.0,7316.0,3815.0,7316.0,7210.0,7240.0,7210.0,7073.0,6890.0,6868.0,6902.0,6868.0,6902.0,6868.0,6902.0,6868.0,6869.0,6684.0,6669.0,10303.0,6669.0,6624.0,6619.0,6597.0,6552.0,6624.0,4038.0,4041.0,4044.0,4047.0,3919.0,1126.0,1141.0,470.0,430.0,422.0,390.0,351.0,294.0,211.0,0.0,698.0,759.0,1385.0,1421.0,1464.0,1494.0,1504.0,1505.0,1771.0,2208.0,2247.0,2293.0],[15220.0,15215.0,15215.0,15213.0,15229.0,14824.0,14814.0,14773.0,14777.0,14785.0,14801.0,13781.0,13464.0,13460.0,13466.0,13429.0,13425.0,13424.0,13424.0,13379.0,13379.0,12726.0,12724.0,10704.0,10665.0,9083.0,8012.0,9083.0,8012.0,4511.0,8012.0,7906.0,7936.0,7906.0,7769.0,7586.0,7564.0,7598.0,7564.0,7598.0,7564.0,7598.0,7564.0,7565.0,7380.0,7365.0,10999.0,7365.0,7320.0,7315.0,7293.0,7248.0,7320.0,4734.0,4737.0,4740.0,4743.0,4615.0,1822.0,1837.0,1166.0,1126.0,1118.0,1086.0,1047.0,990.0,907.0,698.0,0.0,61.0,765.0,801.0,844.0,874.0,884.0,885.0,1151.0,1588.0,1627.0,1673.0],[15228.0,15223.0,15223.0,15221.0,15237.0,14832.0,14822.0,14781.0,14785.0,14793.0,14809.0,13789.0,13472.0,13468.0,13474.0,13437.0,13433.0,13432.0,13432.0,13387.0,13387.0,12734.0,12732.0,10765.0,10726.0,9144.0,8073.0,9144.0,8073.0,4572.0,8073.0,7967.0,7997.0,7967.0,7830.0,7647.0,7625.0,7659.0,7625.0,7659.0,7625.0,7659.0,7625.0,7626.0,7441.0,7426.0,11001.0,7426.0,7381.0,7376.0,7354.0,7309.0,7381.0,4795.0,4798.0,4801.0,4804.0,4676.0,1883.0,1898.0,1227.0,1187.0,1179.0,1147.0,1108.0,1051.0,968.0,759.0,61.0,0.0,717.0,753.0,796.0,826.0,836.0,837.0,1103.0,1540.0,1579.0,1625.0],[15775.0,15770.0,15770.0,15768.0,15784.0,15379.0,15369.0,15327.0,15331.0,15339.0,15355.0,14335.0,14022.0,14018.0,14024.0,13996.0,13992.0,13991.0,13991.0,13946.0,13946.0,13293.0,13291.0,11331.0,11292.0,9710.0,8639.0,9710.0,8639.0,5138.0,8639.0,8533.0,8563.0,8533.0,8396.0,8213.0,8191.0,8225.0,8191.0,8225.0,8191.0,8225.0,8191.0,8192.0,8007.0,7992.0,11212.0,7992.0,7947.0,7942.0,7920.0,7875.0,7947.0,5361.0,5364.0,5367.0,5370.0,5268.0,2475.0,2490.0,1819.0,1779.0,1771.0,1739.0,1700.0,1643.0,1560.0,1385.0,765.0,717.0,0.0,36.0,79.0,109.0,119.0,120.0,386.0,823.0,862.0,911.0],[15811.0,15806.0,15806.0,15804.0,15820.0,15415.0,15405.0,15363.0,15367.0,15375.0,15391.0,14371.0,14058.0,14054.0,14060.0,14032.0,14028.0,14027.0,14027.0,13982.0,13982.0,13329.0,13327.0,11367.0,11328.0,9746.0,8675.0,9746.0,8675.0,5174.0,8675.0,8569.0,8599.0,8569.0,8432.0,8249.0,8227.0,8261.0,8227.0,8261.0,8227.0,8261.0,8227.0,8228.0,8043.0,8028.0,11248.0,8028.0,7983.0,7978.0,7956.0,7911.0,7983.0,5397.0,54