{
    "distancematrix": [
        [
            0.0, 7.07, 8.54, 7.21, 5.39, 4.0, 7.07, 12.21, 11.4, 6.71, 3.16,
            10.82, 13.04
        ],
        [
            7.07, 0.0, 8.54, 11.05, 7.0, 5.1, 12.65, 15.13, 10.0, 13.6, 10.0,
            17.8, 18.97
        ],
        [
            8.54, 8.54, 0.0, 5.0, 3.16, 5.0, 8.06, 7.07, 3.0, 14.0, 9.0, 15.23,
            13.45
        ],
        [
            7.21, 11.05, 5.0, 0.0, 4.12, 6.0, 3.16, 5.0, 7.62, 10.44, 5.83,
            10.44, 8.6
        ],
        [
            5.39, 7.0, 3.16, 4.12, 0.0, 2.24, 6.4, 8.25, 6.08, 11.05, 6.08,
            13.04, 12.53
        ],
        [
            4.0, 5.1, 5.0, 6.0, 2.24, 0.0, 7.62, 10.44, 7.62, 10.44, 5.83,
            13.45, 13.93
        ],
        [
            7.07, 12.65, 8.06, 3.16, 6.4, 7.62, 0.0, 6.71, 10.77, 8.06, 4.47,
            7.28, 6.32
        ],
        [
            12.21, 15.13, 7.07, 5.0, 8.25, 10.44, 6.71, 0.0, 8.06, 14.76, 10.63,
            13.04, 8.54
        ],
        [
            11.4, 10.0, 3.0, 7.62, 6.08, 7.62, 10.77, 8.06, 0.0, 17.0, 12.0,
            18.03, 15.62
        ],
        [
            6.71, 13.6, 14.0, 10.44, 11.05, 10.44, 8.06, 14.76, 17.0, 0.0, 5.0,
            6.0, 11.18
        ],
        [
            3.16, 10.0, 9.0, 5.83, 6.08, 5.83, 4.47, 10.63, 12.0, 5.0, 0.0,
            7.81, 10.0
        ],
        [
            10.82, 17.8, 15.23, 10.44, 13.04, 13.45, 7.28, 13.04, 18.03, 6.0,
            7.81, 0.0, 6.4
        ],
        [
            13.04, 18.97, 13.45, 8.6, 12.53, 13.93, 6.32, 8.54, 15.62, 11.18,
            10.0, 6.4, 0.0
        ]
    ],
    "data": [
        {
            "name": "courbe 1",
            "timelabels": ["001", "002", "003", "004", "005"]
        },
        {
            "name": "courbe 2",
            "timelabels": ["001", "002", "003", "004"]
        },
        {
            "name": "courbe 3",
            "timelabels": ["001", "002", "003", "004"]
        }
    ]
}
